#               1 
#               T 
      1.035351843 
     0.6548140008 
     0.4141407372 
     0.2619256003 
     0.1656562949 
     0.1047702401 
    0.06626251796 
    0.04190809605 
    0.02650500718 
    0.01676323842 
    0.01060200287 
   0.006705295368 
   0.004240801149 
   0.002682118147 
    0.00169632046 
   0.001072847259 
  0.0006785281839 
  0.0004291389035 
  0.0002714112736 
  0.0001716555614 
  0.0001085645094 
  6.866222457e-05 
  4.342580377e-05 
  2.746488983e-05 
  1.737032151e-05 
  1.098595593e-05 
  6.948128603e-06 
  4.394382372e-06 
  2.779251441e-06 
  1.757752949e-06 
  1.111700576e-06 
  7.031011796e-07 
  4.446802306e-07 
  2.812404718e-07 
  1.778720922e-07 
  1.124961887e-07 
  7.114883689e-08 
  4.499847549e-08 
  2.845953476e-08 
   1.79993902e-08 
   1.13838139e-08 
  7.199756079e-09 
  4.553525561e-09 
  2.879902431e-09 
  1.821410225e-09 
  1.151960973e-09 
  7.285640898e-10 
   4.60784389e-10 
  2.914256359e-10 
  1.843137556e-10 
  1.165702544e-10 
  7.372550225e-11 
  4.662810175e-11 
   2.94902009e-11 
   1.86512407e-11 
  1.179608036e-11 
   7.46049628e-12 
  4.718432144e-12 
  2.984198512e-12 
  1.887372857e-12 
  1.193679405e-12 
   7.54949143e-13 
  4.774717619e-13 
  3.019796572e-13 
  1.909887048e-13 
  1.207918629e-13 
   7.63954819e-14 
  4.831674515e-14 
  3.055819276e-14 
  1.932669806e-14 
   1.22232771e-14 
  7.730679224e-15 
  4.889310842e-15 
   3.09227169e-15 
  1.955724337e-15 
  1.236908676e-15 
