#               T           <Sz^2>              <Q>            <Q^2>              <E>            <E^2>                C                F                S 
      1.035351843     0.2530177111 -1.421282105e-17     0.9879291554    0.02356344651   0.001137943911  0.0005827078995     -2.748733837      2.772297283 
     0.6548140008     0.3436276359 -1.960708458e-17      1.336350302      1.029159237      1.608977067     0.5498083319     -2.832452434      3.861611671 
     0.4141407372     0.4031330536   -3.3772162e-18      1.552239481      1.144636613      2.690705934      1.380512958     -3.492679343      4.637315957 
     0.2619256003      0.424757284  -4.53024131e-16      1.603870977      1.812580758      5.543721792      2.258272789     -3.153075557      4.965656315 
     0.1656562949     0.4341377293  -1.85364819e-15      1.586762466      1.516364723      4.837104378      2.537742406      -3.49782358      5.014188303 
     0.1047702401     0.4447011591  -4.04126933e-15      1.544609528      1.952830258      6.403173396      2.589627379      -3.05085189      5.003682148 
    0.06626251796     0.4607285619 -1.029057694e-14      1.482548408      1.631383505      5.313101337      2.651689197     -3.331558811      4.962942316 
    0.04190809605     0.4823635938  -1.57814392e-14      1.394857868        2.0472258      6.980741374      2.789607898     -2.834560421      4.881786221 
    0.02650500718     0.5078060687   -1.7630327e-14      1.294450831      1.638163847      5.614766744      2.931185954     -3.087564284      4.725728132 
    0.01676323842     0.5285015111 -1.869193771e-14      1.210383787      1.913098958      6.601239718      2.941292095     -2.619316502       4.53241546 
    0.01060200287     0.5385128868 -1.760602303e-14      1.171737575      1.431875408      4.771910501      2.721643316     -2.955384378      4.387259786 
   0.006705295368     0.5404178451  -1.83383239e-14      1.162810403      1.773760288      5.713190407      2.566964847     -2.570537102       4.34429739 
   0.004240801149     0.5407263416 -1.909008606e-14      1.162914245      1.390290855      4.461903536      2.528994874     -2.946502699      4.336793554 
   0.002682118147     0.5405620541 -2.321366393e-14      1.162248216      1.769548223      5.667388161      2.536087247     -2.569973643      4.339521866 
    0.00169632046     0.5407319048 -2.472996878e-14      1.162927619      1.390341307      4.462459817      2.529410867     -2.946510346      4.336851653 
   0.001072847259     0.5405621519  -2.86714959e-14      1.162248608      1.769548421      5.667392772      2.536091159     -2.569974733      4.339523154 
  0.0006785281839     0.5407319301 -2.890641092e-14       1.16292772      1.390341362      4.462459775      2.529410672     -2.946510531      4.336851893 
  0.0004291389035     0.5405621629 -2.969161762e-14      1.162248651      1.769548358      5.667392416      2.536091026     -2.569974893       4.33952325 
  0.0002714112736     0.5407319337 -2.647684244e-14      1.162927735      1.390341367      4.462459745      2.529410629     -2.946510559      4.336851926 
  0.0001716555614     0.5405621644 -2.713477597e-14      1.162248658      1.769548346      5.667392351      2.536091002     -2.569974917      4.339523263 
  0.0001085645094     0.5407319342 -2.640048738e-14      1.162927737      1.390341367      4.462459737       2.52941062     -2.946510563       4.33685193 
  6.866222457e-05     0.5405621646 -2.716587963e-14      1.162248659      1.769548344      5.667392339      2.536090997     -2.569974921      4.339523265 
  4.342580377e-05     0.5407319343 -2.612846735e-14      1.162927737      1.390341367      4.462459735      2.529410619     -2.946510563       4.33685193 
  2.746488983e-05     0.5405621647  -2.74440252e-14      1.162248659      1.769548344      5.667392336      2.536090996     -2.569974921      4.339523265 
  1.737032151e-05     0.5407319343  -2.47810233e-14      1.162927737      1.390341367      4.462459734      2.529410618     -2.946510563       4.33685193 
  1.098595593e-05     0.5405621647 -2.328310842e-14      1.162248659      1.769548344      5.667392336      2.536090996     -2.569974921      4.339523265 
  6.948128603e-06     0.5407319343 -2.128013167e-14      1.162927737      1.390341367      4.462459734      2.529410618     -2.946510563       4.33685193 
  4.394382372e-06     0.5405621646 -2.444780815e-14      1.162248659      1.769548344      5.667392336      2.536090996     -2.569974921      4.339523265 
  2.779251441e-06     0.5407319343 -2.349644817e-14      1.162927737      1.390341367      4.462459734      2.529410618     -2.946510563       4.33685193 
  1.757752949e-06     0.5405621646 -2.339679595e-14      1.162248659      1.769548343      5.667392335      2.536090996     -2.569974921      4.339523265 
  1.111700576e-06     0.5407319343 -2.175500752e-14      1.162927737      1.390341367      4.462459734      2.529410618     -2.946510563       4.33685193 
  7.031011796e-07     0.5405621646 -2.433021579e-14      1.162248659      1.769548343      5.667392335      2.536090996     -2.569974921      4.339523265 
  4.446802306e-07     0.5407319343 -2.693217458e-14      1.162927737      1.390341367      4.462459734      2.529410618     -2.946510563       4.33685193 
  2.812404718e-07     0.5405621646 -2.950324796e-14      1.162248659      1.769548343      5.667392335      2.536090995     -2.569974921      4.339523265 
  1.778720922e-07     0.5407319343 -2.877580336e-14      1.162927737      1.390341367      4.462459734      2.529410618     -2.946510563       4.33685193 
  1.124961887e-07     0.5405621646 -3.230270619e-14      1.162248659      1.769548343      5.667392335      2.536090995     -2.569974921      4.339523265 
  7.114883689e-08     0.5407319343 -3.330016935e-14      1.162927737      1.390341367      4.462459734      2.529410618     -2.946510563       4.33685193 
  4.499847549e-08     0.5405621646 -3.397997485e-14      1.162248659      1.769548343      5.667392335      2.536090995     -2.569974921      4.339523265 
  2.845953476e-08     0.5407319343 -3.198233253e-14      1.162927737      1.390341367      4.462459734      2.529410618     -2.946510563       4.33685193 
   1.79993902e-08     0.5405621646 -3.170722155e-14      1.162248659      1.769548343      5.667392335      2.536090995     -2.569974921      4.339523265 
   1.13838139e-08     0.5407319343 -3.126777441e-14      1.162927737      1.390341367      4.462459734      2.529410618     -2.946510563       4.33685193 
  7.199756079e-09     0.5405621646 -3.035531631e-14      1.162248659      1.769548343      5.667392335      2.536090995     -2.569974921      4.339523265 
  4.553525561e-09     0.5407319343 -2.885282315e-14      1.162927737      1.390341367      4.462459734      2.529410618     -2.946510563       4.33685193 
  2.879902431e-09     0.5405621646  -3.09297738e-14      1.162248659      1.769548343      5.667392335      2.536090995     -2.569974921      4.339523265 
  1.821410225e-09     0.5407319343 -3.110837772e-14      1.162927737      1.390341367      4.462459734      2.529410618     -2.946510563       4.33685193 
  1.151960973e-09     0.5405621646 -3.302079633e-14      1.162248659      1.769548343      5.667392335      2.536090995     -2.569974921      4.339523265 
  7.285640898e-10     0.5407319343 -3.090684445e-14      1.162927737      1.390341367      4.462459734      2.529410618     -2.946510563       4.33685193 
   4.60784389e-10     0.5405621646 -3.101439842e-14      1.162248659      1.769548343      5.667392335      2.536090995     -2.569974921      4.339523265 
  2.914256359e-10     0.5407319343 -2.896375236e-14      1.162927737      1.390341367      4.462459734      2.529410618     -2.946510563       4.33685193 
  1.843137556e-10     0.5405621646 -3.219498248e-14      1.162248659      1.769548343      5.667392335      2.536090995     -2.569974921      4.339523265 
  1.165702544e-10     0.5407319343 -3.295722126e-14      1.162927737      1.390341367      4.462459734      2.529410618     -2.946510563       4.33685193 
  7.372550225e-11     0.5405621646 -3.432565022e-14      1.162248659      1.769548343      5.667392335      2.536090995     -2.569974921      4.339523265 
  4.662810175e-11     0.5407319343 -3.277292386e-14      1.162927737      1.390341367      4.462459734      2.529410618     -2.946510563       4.33685193 
   2.94902009e-11     0.5405621646 -3.033578026e-14      1.162248659      1.769548343      5.667392335      2.536090995     -2.569974921      4.339523265 
   1.86512407e-11     0.5407319343 -2.489996898e-14      1.162927737      1.390341367      4.462459734      2.529410618     -2.946510563       4.33685193 
  1.179608036e-11     0.5405621646 -2.260532319e-14      1.162248659      1.769548343      5.667392335      2.536090995     -2.569974921      4.339523265 
   7.46049628e-12     0.5407319343 -1.849595923e-14      1.162927737      1.390341367      4.462459734      2.529410618     -2.946510563       4.33685193 
  4.718432144e-12     0.5405621646   -1.6703978e-14      1.162248659      1.769548343      5.667392335      2.536090995     -2.569974921      4.339523265 
  2.984198512e-12     0.5407319343 -1.456574362e-14      1.162927737      1.390341367      4.462459734      2.529410618     -2.946510563       4.33685193 
  1.887372857e-12     0.5405621646 -1.489849734e-14      1.162248659      1.769548343      5.667392335      2.536090995     -2.569974921      4.339523265 
  1.193679405e-12     0.5407319343 -1.604750569e-14      1.162927737      1.390341367      4.462459734      2.529410618     -2.946510563       4.33685193 
   7.54949143e-13     0.5405621646 -1.578123432e-14      1.162248659      1.769548343      5.667392335      2.536090995     -2.569974921      4.339523265 
  4.774717619e-13     0.5407319343 -1.374017086e-14      1.162927737      1.390341367      4.462459734      2.529410618     -2.946510563       4.33685193 
  3.019796572e-13     0.5405621646 -1.508417028e-14      1.162248659      1.769548343      5.667392335      2.536090995     -2.569974921      4.339523265 
  1.909887048e-13     0.5407319343 -1.368893586e-14      1.162927737      1.390341367      4.462459734      2.529410618     -2.946510563       4.33685193 
  1.207918629e-13     0.5405621646 -1.338199713e-14      1.162248659      1.769548343      5.667392335      2.536090995     -2.569974921      4.339523265 
   7.63954819e-14     0.5407319343 -9.651344414e-15      1.162927737      1.390341367      4.462459734      2.529410618     -2.946510563       4.33685193 
  4.831674515e-14     0.5405621646  -6.49288195e-15      1.162248659      1.769548343      5.667392335      2.536090995     -2.569974921      4.339523265 
  3.055819276e-14     0.5407319343 -3.450166289e-15      1.162927737      1.390341367      4.462459734      2.529410618     -2.946510563       4.33685193 
  1.932669806e-14     0.5405621646 -3.808003828e-15      1.162248659      1.769548343      5.667392335      2.536090995     -2.569974921      4.339523265 
   1.22232771e-14     0.5407319343 -5.584616967e-15      1.162927737      1.390341367      4.462459734      2.529410618     -2.946510563       4.33685193 
  7.730679224e-15     0.5405621646 -8.368423342e-15      1.162248659      1.769548343      5.667392335      2.536090995     -2.569974921      4.339523265 
  4.889310842e-15     0.5407319343 -1.183296706e-14      1.162927737      1.390341367      4.462459734      2.529410618     -2.946510563       4.33685193 
   3.09227169e-15     0.5405621646  -1.23096741e-14      1.162248659      1.769548343      5.667392335      2.536090995     -2.569974921      4.339523265 
  1.955724337e-15     0.5407319343 -1.225181169e-14      1.162927737      1.390341367      4.462459734      2.529410618     -2.946510563       4.33685193 
  1.236908676e-15     0.5405621646 -1.383760716e-14      1.162248659      1.769548343      5.667392335      2.536090995     -2.569974921      4.339523265 
