#               T           <Sz^2>              <Q>            <Q^2>              <E>            <E^2>                C                F                S 
      1.035351843     0.3424882212                0     0.4941141949     0.3375785534     0.1414190956    0.02745981585     -1.729087272      2.066665825 
     0.6548140008     0.4182783571 -3.838398922e-17     0.8455902424     0.9832159787      1.555222709     0.5885090481     -2.160702968      3.143918946 
     0.4141407372     0.4569641836 -6.868604833e-18      1.066779275      1.401857866      3.397247156      1.432041678     -2.495088027      3.896945894 
     0.2619256003     0.4608037007 -1.168451518e-16      1.137292212      1.681245241      5.097650432      2.271064873     -2.528150946      4.209396186 
     0.1656562949      0.453723568  2.771453604e-17      1.152246602      1.740074306      5.557740349       2.52988176      -2.51964072      4.259715026 
     0.1047702401     0.4434491318  8.553484521e-16      1.156154117      1.714482974      5.509252041      2.569800172     -2.542160866       4.25664384 
    0.06626251796     0.4314360709  2.416549273e-15      1.159017997      1.813833527      5.879290362      2.589298297     -2.423069397      4.236902924 
    0.04190809605     0.4168822675  2.024600116e-15      1.160104828      1.691427328      5.478129301      2.617202894     -2.517432677      4.208860005 
    0.02650500718     0.4004913095  9.207059957e-16      1.161238012      1.875395342      6.162716064      2.645608376     -2.289587213      4.164982555 
    0.01676323842     0.3821617402  2.734738883e-16      1.161648827      1.648292999      5.394850524      2.677980714     -2.460621412      4.108914411 
    0.01060200287     0.3633130487 -2.912149052e-16      1.162006696      1.897890915      6.305743967      2.703754044     -2.139828671      4.037719586 
   0.006705295368     0.3451427758 -9.419769633e-16      1.162356277       1.57672205      5.199441609      2.713389186     -2.381986735      3.958708785 
   0.004240801149     0.3293348112  2.725013228e-16      1.162228553      1.866826662      6.188549488      2.703507701     -2.013072038        3.8798987 
   0.002682118147     0.3169194557  6.149684977e-15      1.162705528      1.494026951      4.904308846      2.672192315     -2.315820471      3.809847422 
    0.00169632046     0.3078128846  1.029258638e-14      1.162271614      1.819992778      5.951948594      2.639574882     -1.936754108      3.756746887 
   0.001072847259     0.3017926033  1.441335021e-14      1.162871189      1.437152466      4.670511896      2.605104684     -2.279639268      3.716791734 
  0.0006785281839     0.2976416866  1.617325368e-14      1.162279205      1.791243777      5.793239876      2.584685606      -1.90136913      3.692612907 
  0.0004291389035     0.2952124053  1.616182668e-14      1.162941802       1.40992824      4.552970512      2.565072871     -2.263968097      3.673896337 
  0.0002714112736     0.2934125003  1.511945571e-14      1.162282306      1.778535439      5.721537798       2.55834949     -1.886709018      3.665244458 
  0.0001716555614     0.2925342716   7.07080141e-15       1.16296174      1.398524696      4.502890197      2.547018872      -2.25763143      3.656156126 
  0.0001085645094     0.2917084913 -1.080612877e-15      1.162283558      1.773364387      5.692227408      2.547406159     -1.880804894      3.654169281 
  6.866222457e-05     0.2914614846 -6.928070845e-15      1.162974066      1.393947711      4.483117395      2.540027175     -2.255101077      3.649048787 
  4.342580377e-05     0.2910259367 -1.028590434e-14      1.162283195      1.771281049      5.680308402      2.542871848     -1.878439151        3.6497202 
  2.746488983e-05     0.2910321826 -9.976648429e-15      1.162978953      1.392112164      4.475194254      2.537217975     -2.254090117      3.646202281 
  1.737032151e-05     0.2907529342 -1.051320927e-14       1.16228342      1.770452572      5.675617039      2.541114731     -1.877492976      3.647945547 
  1.098595593e-05     0.2908604508 -1.365248215e-14        1.1629809      1.391377346      4.472023844      2.536092925      -2.25368598      3.645063326 
  6.948128603e-06     0.2906437281 -1.560905178e-14      1.162283512      1.770121237      5.673741105      2.540411911     -1.877114473       3.64723571 
  4.394382372e-06     0.2907917575 -1.149162825e-14      1.162981678      1.391083332      4.470755552      2.535642716     -2.253524368        3.6446077 
  2.779251441e-06     0.2906000452 -1.336581679e-14      1.162283549      1.769988715      5.672990851        2.5401308     -1.876963068      3.646951783 
  1.757752949e-06     0.2907642801  -1.49376085e-14      1.162981989      1.390965713      4.470248219      2.535462604      -2.25345973      3.644425443 
  1.111700576e-06     0.2905827363 -1.528935072e-14      1.162283747      1.769938474      5.672734195      2.540051993      -1.87690274      3.646841214 
  7.031011796e-07     0.2907532894  -1.33921957e-14      1.162982114      1.390918665      4.470045307      2.535390573     -2.253433877      3.644352542 
  4.446802306e-07      0.290575747 -1.642704746e-14      1.162283753      1.769917271      5.672614151      2.540007006     -1.876878515      3.646795786 
  2.812404718e-07      0.290748893 -2.192789943e-14      1.162982163      1.390899845      4.469964133      2.535361753     -2.253423535      3.644323381 
  1.778720922e-07     0.2905729512 -2.379710923e-14      1.162283755      1.769908789      5.672566134      2.539989011     -1.876868825      3.646777614 
  1.124961887e-07     0.2907484309  -2.42910923e-14      1.162984102      1.390907577      4.470175637      2.535551749     -2.253420593       3.64432817 
  7.114883689e-08     0.2905718733 -2.292567811e-14      1.162284506      1.769910472      5.672626079      2.540043001     -1.876865384      3.646775856 
  4.499847549e-08     0.2907471638 -2.363908751e-14      1.162983681      1.390895664        4.4700204      2.535429652     -2.253418236        3.6443139 
  2.845953476e-08     0.2905714239 -2.886063823e-14      1.162284496      1.769909086      5.672618136      2.540039964     -1.876863827      3.646772913 
   1.79993902e-08     0.2907468822 -3.268685226e-14      1.162983683      1.390894456      4.470015178      2.535427789     -2.253417574       3.64431203 
   1.13838139e-08     0.2905712449 -3.338978325e-14      1.162284495      1.769908543      5.672615058      2.540038809     -1.876863207       3.64677175 
  7.199756079e-09     0.2907470969  -2.93818116e-14      1.162988087      1.390903501      4.470165554      2.535553006     -2.253418047      3.644321548 
  4.553525561e-09      0.290571174    -2.720537e-14      1.162284505      1.769908341      5.672614002      2.540038466     -1.876862961      3.646771302 
  2.879902431e-09     0.2907470519 -2.920757589e-14      1.162988087      1.390903308      4.470164725      2.535552713     -2.253417941      3.644321249 
  1.821410225e-09     0.2905711454 -3.042971407e-14      1.162284505      1.769908254       5.67261351      2.540038282     -1.876862862      3.646771116 
  1.151960973e-09     0.2907470339 -3.168164883e-14      1.162988087      1.390903231      4.470164392      2.535552594     -2.253417899       3.64432113 
  7.285640898e-10     0.2905711339 -3.285103618e-14      1.162284505       1.76990822      5.672613313      2.540038208     -1.876862822      3.646771042 
   4.60784389e-10     0.2907470267  -3.51505584e-14      1.162988087        1.3909032      4.470164259      2.535552547     -2.253417882      3.644321082 
  2.914256359e-10     0.2905711294 -3.571016304e-14      1.162284505      1.769908206      5.672613235      2.540038178     -1.876862806      3.646771012 
  1.843137556e-10     0.2907470238 -3.429387494e-14      1.162988087      1.390903188      4.470164206      2.535552528     -2.253417875      3.644321063 
  1.165702544e-10     0.2905711275 -3.288856476e-14      1.162284505        1.7699082      5.672613203      2.540038166       -1.8768628         3.646771 
  7.372550225e-11     0.2907470226 -3.278910373e-14      1.162988088      1.390903183      4.470164184       2.53555252     -2.253417872      3.644321055 
  4.662810175e-11     0.2905711268 -3.515297997e-14      1.162284505      1.769908198      5.672613191      2.540038162     -1.876862797      3.646770995 
   2.94902009e-11     0.2907470222 -3.774311032e-14      1.162988088      1.390903181      4.470164176      2.535552517     -2.253417871      3.644321052 
   1.86512407e-11     0.2905711265 -3.661261795e-14      1.162284505      1.769908197      5.672613185       2.54003816     -1.876862796      3.646770993 
  1.179608036e-11      0.290747022 -3.723919598e-14      1.162988088       1.39090318      4.470164173      2.535552516     -2.253417871      3.644321051 
   7.46049628e-12     0.2905711264 -3.674215157e-14      1.162284505      1.769908197      5.672613183      2.540038159     -1.876862796      3.646770993 
  4.718432144e-12     0.2907470219 -3.649233386e-14      1.162988088       1.39090318      4.470164171      2.535552516     -2.253417871       3.64432105 
  2.984198512e-12     0.2905711263 -3.589566751e-14      1.162284505      1.769908196      5.672613183      2.540038159     -1.876862796      3.646770992 
  1.887372857e-12     0.2907470219 -3.676031464e-14      1.162988088       1.39090318      4.470164171      2.535552516     -2.253417871       3.64432105 
  1.193679405e-12     0.2905711263 -3.700197546e-14      1.162284505      1.769908196      5.672613182      2.540038159     -1.876862796      3.646770992 
   7.54949143e-13     0.2907470219 -3.757245198e-14      1.162988088       1.39090318       4.47016417      2.535552515      -2.25341787       3.64432105 
  4.774717619e-13     0.2905711263 -3.350068621e-14      1.162284505      1.769908196      5.672613182      2.540038159     -1.876862796      3.646770992 
  3.019796572e-13     0.2907470219 -2.919434455e-14      1.162988088       1.39090318       4.47016417      2.535552515      -2.25341787       3.64432105 
  1.909887048e-13     0.2905711263 -2.883106156e-14      1.162284505      1.769908196      5.672613182      2.540038159     -1.876862796      3.646770992 
  1.207918629e-13     0.2907470219 -3.420062219e-14      1.162988088       1.39090318       4.47016417      2.535552515      -2.25341787       3.64432105 
   7.63954819e-14     0.2905711263 -3.629779601e-14      1.162284505      1.769908196      5.672613182      2.540038159     -1.876862796      3.646770992 
  4.831674515e-14     0.2907470219 -3.531036102e-14      1.162988088       1.39090318       4.47016417      2.535552515      -2.25341787       3.64432105 
  3.055819276e-14     0.2905711263 -3.194419756e-14      1.162284505      1.769908196      5.672613182      2.540038159     -1.876862796      3.646770992 
  1.932669806e-14     0.2907470219 -2.985004216e-14      1.162988088       1.39090318       4.47016417      2.535552515      -2.25341787       3.64432105 
   1.22232771e-14     0.2905711263 -2.262598192e-14      1.162284505      1.769908196      5.672613182      2.540038159     -1.876862796      3.646770992 
  7.730679224e-15     0.2907470219 -1.799245778e-14      1.162988088       1.39090318       4.47016417      2.535552515      -2.25341787       3.64432105 
  4.889310842e-15     0.2905711263  -1.38258696e-14      1.162284505      1.769908196      5.672613182      2.540038159     -1.876862796      3.646770992 
   3.09227169e-15     0.2907470219 -1.134227482e-14      1.162988088       1.39090318       4.47016417      2.535552515      -2.25341787       3.64432105 
  1.955724337e-15     0.2905711263 -1.096425593e-14      1.162284505      1.769908196      5.672613182      2.540038159     -1.876862796      3.646770992 
  1.236908676e-15     0.2907470219 -1.003752586e-14      1.162988088       1.39090318       4.47016417      2.535552515      -2.25341787       3.64432105 
