#               1                2                3                4                5                6                7 
#               T              acr            displ          displ^2              n_d            n_d^2              nph 
      1.020139447 -7.608094035e-17 -9.129712842e-17      7.647677546                1      1.531883207      3.311671953 
     0.7213475204   1.79574179e-16  3.437011167e-16      6.977800518                1      1.551943648      2.813848957 
     0.5100697233  8.723309225e-16  1.644223846e-15      6.237409037                1      1.577358389      2.284302853 
     0.3606737602  2.592642496e-15  5.174447679e-15      5.461843338                1      1.604950246      1.773751331 
     0.2550348616  4.077094126e-15  8.172447235e-15      4.708570307                1      1.629853818      1.336757605 
     0.1803368801  5.038923736e-15  1.003950732e-14      4.045635878                1      1.648766584     0.9984966915 
     0.1275174308     4.002194e-15  7.842214065e-15      3.510181124                1      1.661217533     0.7493387599 
    0.09016844006  2.323257375e-15  4.571793266e-15      3.111475782                1      1.667094292      0.576436182 
    0.06375871541   1.97309164e-17  1.341949725e-16      2.820423928                1      1.667135574     0.4587912055 
    0.04508422003 -3.618481885e-15 -6.965950057e-15      2.612791475                1      1.662477302     0.3817104323 
    0.03187935771 -9.003400075e-15 -1.763389373e-14      2.458994109                1      1.654848499     0.3295170352 
    0.02254211001 -1.741935756e-14  -3.43482459e-14      2.344497931                1      1.646283087     0.2935130561 
    0.01593967885 -2.631050529e-14 -5.200997601e-14      2.259639577                1      1.638522172     0.2680261651 
    0.01127105501 -3.403413869e-14 -6.754325997e-14      2.202859258                1      1.632717577     0.2514414806 
   0.007969839427 -4.040777761e-14 -8.038922344e-14      2.167253194                1      1.628833794     0.2412211297 
   0.005635527503 -4.502888086e-14 -8.966676637e-14      2.147191952                1      1.626555826     0.2355280361 
   0.003984919713 -4.824167064e-14 -9.612773752e-14      2.136234454                1      1.625283828     0.2324380695 
   0.002817763752  -5.04268298e-14 -1.005069514e-13       2.13049217                1      1.624608871      0.230824579 
   0.001992459857 -5.176891185e-14 -1.032138806e-13      2.127535754                1      1.624259416     0.2299953039 
   0.001408881876 -5.255924175e-14 -1.048008831e-13      2.126056749                1      1.624084013     0.2295808288 
  0.0009962299283 -5.301335415e-14 -1.057132974e-13      2.125295167                1       1.62399357     0.2293674946 
  0.0007044409379 -5.326872067e-14 -1.062311095e-13      2.124922143                1      1.623949233     0.2292630286 
  0.0004981149642 -5.340676071e-14 -1.065090801e-13      2.124730037                1      1.623926392      0.229209235 
   0.000352220469 -5.350486608e-14 -1.067033606e-13      2.124636392                1      1.623915255      0.229183014 
  0.0002490574821 -5.355823625e-14 -1.068107672e-13      2.124588209                1      1.623909524     0.2291695228 
  0.0001761102345 -5.358770476e-14 -1.068680608e-13      2.124564742                1      1.623906733     0.2291629523 
   0.000124528741  -5.35843031e-14 -1.068592817e-13      2.124552681                1      1.623905298     0.2291595755 
  8.805511724e-05 -5.358284361e-14 -1.068552063e-13      2.124546809                1        1.6239046     0.2291579314 
  6.226437052e-05 -5.357959623e-14 -1.068480749e-13      2.124543794                1      1.623904241      0.229157087 
  4.402755862e-05 -5.358247342e-14 -1.068532521e-13      2.124542326                1      1.623904066     0.2291566761 
  3.113218526e-05  -5.35856988e-14 -1.068592369e-13      2.124541572                1      1.623903977     0.2291564649 
  2.201377931e-05 -5.358995232e-14 -1.068675851e-13      2.124541205                1      1.623903933     0.2291563622 
  1.556609263e-05 -5.359241106e-14 -1.068722656e-13      2.124541016                1      1.623903911     0.2291563094 
  1.100688966e-05 -5.359471527e-14 -1.068769295e-13      2.124540925                1        1.6239039     0.2291562838 
  7.783046315e-06 -5.359549472e-14 -1.068785037e-13      2.124540878                1      1.623903894     0.2291562706 
  5.503444828e-06 -5.359615967e-14 -1.068798267e-13      2.124540855                1      1.623903891     0.2291562642 
  3.891523157e-06 -5.359665713e-14 -1.068808289e-13      2.124540843                1       1.62390389     0.2291562609 
  2.751722414e-06  -5.35972556e-14 -1.068820509e-13      2.124540837                1      1.623903889     0.2291562593 
  1.945761579e-06 -5.359756725e-14 -1.068826655e-13      2.124540834                1      1.623903889     0.2291562584 
  1.375861207e-06 -5.359783885e-14 -1.068832303e-13      2.124540833                1      1.623903889     0.2291562581 
