#               T           <Sz^2>              <Q>            <Q^2>              <E>            <E^2>                C                F                S 
      1.020139447     0.2348626783                0      1.001941789      1.118570974      1.713337372     0.4621363491     -3.779130708      4.897701681 
     0.7213475204     0.3181095364  -4.63417236e-17      1.372871105      1.774035835      4.331830626      1.184627484     -4.051742222      5.825778056 
     0.5100697233     0.3762772316 -8.947904307e-16      1.651049162      2.334789855      7.575831885      2.124588217     -4.125747665       6.46053752 
     0.3606737602     0.4019111826 -2.903605605e-15      1.798688633      2.672345723      10.31882238      3.177390717     -4.034340781      6.706686504 
     0.2550348616     0.4040384351 -4.497286721e-15       1.84462761      2.865861374       12.1478357      3.934674288     -3.743157885      6.609019259 
     0.1803368801     0.3957267782 -6.021433726e-15      1.838893478       2.72749564      11.64637379      4.207141326      -3.58577848       6.31327412 
     0.1275174308     0.3859645735 -4.094229401e-15      1.817116635      2.736562237      11.66827953      4.179506653     -3.237510832      5.974073069 
    0.09016844006     0.3772917265 -1.462599634e-15        1.7891255      2.458416346      10.09450504      4.050694114     -3.203278236      5.661694582 
    0.06375871541     0.3703665051  2.802880858e-15      1.757172558      2.528969893      10.30052707      3.904838347     -2.871855002      5.400824895 
    0.04508422003     0.3649979071  8.950278833e-15      1.720965697      2.227112766      8.709643918      3.749612645     -2.966166995      5.193279761 
    0.03187935771     0.3610480229  1.863421062e-14      1.680909138       2.39773592      9.392644577      3.643507034     -2.637419331      5.035155251 
    0.02254211001     0.3580692485  3.552880932e-14      1.637590839      2.088322171      7.930517698      3.569428209     -2.819285949       4.90760812 
    0.01593967885     0.3558726841  5.540136978e-14      1.593317601      2.320060805      8.914904726      3.532222588     -2.481112007      4.801172812 
    0.01127105501      0.354209023  7.027049325e-14      1.551386897      1.988136109      7.432670444      3.479985258     -2.721155546      4.709291654 
   0.007969839427     0.3529787376  8.564102379e-14      1.514567605      2.254064207      8.522223492      3.441418041     -2.381454335      4.635518542 
   0.005635527503     0.3520777887  9.790751557e-14      1.484373766      1.914643283      7.054388945      3.388530045      -2.66198432      4.576627603 
   0.003984919713     0.3514001113  1.080202136e-13      1.460877893      2.207900031      8.230732654      3.355910105     -2.325146482      4.533046513 
   0.002817763752     0.3509628841  1.186098948e-13      1.443654743      1.870821777      6.824334802       3.32436068     -2.630118168      4.500939945 
   0.001992459857     0.3506138443  1.259216646e-13      1.430687415      2.182066298      8.067436986      3.306023657     -2.295694189      4.477760487 
   0.001408881876     0.3503802951  1.301452366e-13      1.421545203      1.846687086      6.691230485      3.280977292     -2.613757994       4.46044508 
  0.0009962299283     0.3502190387  1.315593362e-13      1.415083491      2.168854854      7.985555004      3.281623625     -2.280771114      4.449625968 
  0.0007044409379     0.3501014477  1.321092273e-13      1.410452245      1.834762271      6.628513443       3.26216085     -2.605589735      4.440352006 
  0.0004981149642     0.3500208124  1.327331276e-13      1.407199378      2.162159758       7.94394213      3.269007311     -2.273275391      4.435435148 
   0.000352220469     0.3499637016  1.353518981e-13      1.404889344      1.828851643       6.59822783      3.253529497     -2.601516278      4.430367921 
  0.0002490574821     0.3499213757  1.354794228e-13      1.403250623      2.158805377      7.923133703      3.262693047     -2.269522882      4.428328259 
  0.0001761102345     0.3498950406  1.336285443e-13      1.402101447      1.825886674      6.583051451      3.249189306     -2.599480499      4.425367172 
   0.000124528741     0.3498716879  1.275797528e-13      1.401272252      2.157122647      7.912663923      3.259485808     -2.267645409      4.424768056 
  8.805511724e-05     0.3498606907  1.260011088e-13      1.400706825      1.824402202      6.575453582      3.247010187     -2.598463066      4.422865268 
  6.226437052e-05     0.3498468158  1.268701692e-13        1.4002831       2.15628141      7.907431766      3.257882247     -2.266706581      4.422987991 
  4.402755862e-05     0.3498435114  1.301250705e-13      1.400009407      1.823659538      6.571652776      3.245918667     -2.597954486      4.421614023 
  3.113218526e-05     0.3498345424   1.32756153e-13      1.399803954      2.155879657      7.905093433      3.257276336      -2.26623898      4.422118638 
  2.201377931e-05     0.3498349212  1.343594194e-13      1.399660691      1.823288115      6.569752073      3.245372522     -2.597700233      4.420988348 
  1.556609263e-05     0.3498283269  1.334219349e-13      1.399556522      2.155669128      7.903783241       3.25687385     -2.266004224      4.421673352 
  1.100688966e-05     0.3498306256  1.340493084e-13      1.399486321       1.82310237      6.568801502       3.24509925     -2.597573116      4.420675486 
  7.783046315e-06     0.3498248572   1.34215021e-13      1.399439023       2.15557939      7.903350364      3.256827857     -2.265888421      4.421467811 
  5.503444828e-06     0.3498284776   1.31076876e-13      1.399399149       1.82300953      6.568326661      3.244962914     -2.597509564      4.420519094 
  3.891523157e-06      0.349823492  1.306729522e-13      1.399355693      2.155492631      7.902526301      3.256377818     -2.265826354      4.421318985 
  2.751722414e-06     0.3498274033  1.329705335e-13      1.399355529      1.822963046      6.568088457       3.24489419     -2.597477782      4.420440828 
  1.945761579e-06     0.3498227151  1.359773991e-13       1.39932477      2.155466321       7.90236262      3.256327559     -2.265797009       4.42126333 
  1.375861207e-06     0.3498268664  1.396307456e-13      1.399333732      1.822939825      6.567969625      3.244860019     -2.597461894      4.420401719 
