# Input file for NRG Ljubljana
# symtype 	QS
# Using sneg version 	1.251
#!9
# Number of channels, chain sites, subspaces: 
1	76	6
# SCALE 	1.8356947521610651
# Energies (GS energy subtracted, multiplied by 1/SCALE):
-2	1
1
0.0272376439171805
-1	2
2
0.	0.0272376439171805
0	1
3
0.	0.0272376439171805	0.0272376439171805
0	3
1
0.
1	2
2
0.	0.0272376439171805
2	1
1
0.0272376439171805
# Irreducible matrix elements for Wilson chains:
f 0 0
6
2	1	1	2
0.	1.4142135623730951
1	2	0	3
1.224744871391589
0.
1	2	0	1
-0.7071067811865475	0.	0.
0.	1.	0.
0	3	-1	2
1.	0.
0	1	-1	2
1.	0.
0.	0.
0.	1.4142135623730951
-1	2	-2	1
0.
1.
# GS energy in absolute units:
e
0.
# Irreducible matrix elements for other operators:
# Discretization tables:
z
76
0.59689438103230847698
0.58609189802534813515
0.52282902838171031273
0.33310870753084700421
0.19330839093708074611
0.1186492200092630301
0.074538161946327523616
0.047048969970479288649
0.029735089649257600374
0.018800923766852470884
0.011889451096568938992
0.0075192227359015385347
0.0047554916246667510026
0.0030076161599768159118
0.0019021782119217056673
0.0012030418008483757796
0.00076087010521111077731
0.00048121642194587346688
0.00030434796659757914946
0.00019248654968165452805
0.00012173918180792163585
0.000076994618650478333715
0.00004869567241397811811
0.000030797847381971642058
0.000019478268945803058099
0.000012319138947782597096
7.7913075770547791875e-6
4.927655578792651021e-6
3.1165230307408592562e-6
1.9710622314965555882e-6
1.2466092122911563477e-6
7.8842489259730992677e-7
4.9864368491613054837e-7
3.1536995703883998297e-7
1.9945747396643097194e-7
1.2614798281553061797e-7
7.9782989586571028943e-8
5.0459193126211903174e-8
3.1913195834628324548e-8
2.0183677250484739253e-8
1.2765278333851324249e-8
8.0734709001938942921e-9
5.1061113335405293432e-9
3.2293883600775576266e-9
2.0424445334162117145e-9
1.2917553440310230449e-9
8.1697781336648468433e-10
5.1670213761240921759e-10
3.2679112534659387364e-10
2.0668085504496368701e-10
1.3071645013863754945e-10
8.2672342017985474803e-11
5.2286580055455019779e-11
3.3068936807194189921e-11
2.0914632022182007912e-11
1.3227574722877675968e-11
8.3658528088728031647e-12
5.2910298891510703874e-12
3.3463411235491212659e-12
2.1164119556604281549e-12
1.3385364494196485063e-12
8.4656478226417126198e-13
5.3541457976785940254e-13
3.3862591290566850479e-13
2.1416583190714376102e-13
1.3545036516226740192e-13
8.5666332762857504406e-14
5.4180146064906960766e-14
3.4266533105143001762e-14
2.1672058425962784307e-14
1.3706613242057200705e-14
8.6688233703851137226e-15
5.482645296822880282e-15
3.4675293481540454891e-15
2.1930581187291521128e-15
1.3870117392616181956e-15
8.7722324749166084512e-16
76
0.e-999
0.e-998
0.e-997
0.e-997
0.e-996
0.e-995
0.e-994
0.e-993
0.e-992
0.e-991
0.e-991
0.e-990
0.e-989
0.e-988
0.e-987
0.e-986
0.e-985
0.e-985
0.e-984
0.e-983
0.e-982
0.e-981
0.e-980
0.e-979
0.e-978
0.e-978
0.e-977
0.e-976
0.e-975
0.e-974
0.e-973
0.e-972
0.e-972
0.e-971
0.e-970
0.e-969
0.e-968
0.e-967
0.e-966
0.e-965
0.e-965
0.e-964
0.e-963
0.e-962
0.e-961
0.e-960
0.e-959
0.e-959
0.e-958
0.e-957
0.e-956
0.e-955
0.e-954
0.e-953
0.e-953
0.e-952
0.e-951
0.e-950
0.e-949
0.e-948
0.e-947
0.e-946
0.e-946
0.e-945
0.e-944
0.e-943
0.e-942
0.e-941
0.e-940
0.e-940
0.e-939
0.e-938
0.e-937
0.e-936
0.e-932
0.e-903
0.e-873
