#               T           <Sz^2>              <Q>            <Q^2>              <E>            <E^2>                C                F                S 
      1.835694752     0.2517022475 -1.406677525e-17       0.99319101    0.01343336111  0.0003658931066  0.0001854379158     -2.759062634      2.772495995 
      1.160995301     0.3618725178                0       1.42596015     0.7906654865     0.8732128571     0.2480609455     -3.240066491      4.030731978 
     0.7342779009     0.4379255778 -3.071840836e-17      1.717668406      1.137770967      2.249236409     0.9547136351     -3.849818366      4.987589333 
     0.4643981205     0.4568248632 -1.661541077e-16      1.773518275      1.951772416      5.952734121      2.143318556      -3.42341666      5.375189077 
     0.2937111603     0.4459697685 -3.002078274e-15      1.698966402      1.669227355      5.682764244       2.89644428     -3.646320231      5.315547587 
     0.1857592482     0.4367881662 -8.034649331e-15      1.613330876      1.962826447      6.737569084      2.884881423     -3.158255138      5.121081585 
     0.1174844641     0.4422556299 -1.768699599e-14      1.559367207      1.566311543      5.080718597      2.627386747     -3.450968765      5.017280308 
    0.07430369927     0.4561282376 -2.590675573e-14        1.5001912       1.99652857      6.621429056      2.635302723     -2.982725896      4.979254466 
    0.04699378566     0.4766010301 -3.149762253e-14      1.419477588      1.663037865      5.508002012      2.742307071     -3.243028969      4.906066834 
    0.02972147971     0.5013615763 -3.588842588e-14      1.318952592      2.032715407      7.036392401      2.904460475     -2.740539479      4.773254886 
    0.01879751426      0.524382843 -3.766478832e-14      1.228172834      1.563550154      5.399448755      2.954759671      -3.01406685      4.577617004 
    0.01188859188     0.5368781005 -4.158537756e-14      1.176806173      1.830720161      6.136996354      2.785460047     -2.584730642      4.415450803 
   0.007519005705      0.540407792  -4.06124339e-14      1.164169093       1.39858832      4.538849746      2.582800457     -2.947772051      4.346360371 
   0.004755436753     0.5405479053 -3.739745369e-14      1.162236915      1.769648982      5.668741681      2.537084162     -2.569986845      4.339635827 
   0.003007602282     0.5407277051 -2.976651676e-14       1.16291082      1.390252975      4.461348252      2.528544918     -2.946501489      4.336754464 
   0.001902174701     0.5405621713 -2.500706692e-14      1.162248685      1.769547847      5.667386849      2.536087265     -2.569975296      4.339523143 
   0.001203040913     0.5407319501 -1.928331673e-14        1.1629278      1.390341437      4.462459914      2.529410603     -2.946510677      4.336852114 
  0.0007608698805     0.5405621745 -1.907382314e-14      1.162248698      1.769548357       5.66739239      2.536091004     -2.569975019      4.339523376 
  0.0004812163651     0.5407319396 -1.929886003e-14      1.162927759      1.390341399      4.462459857      2.529410652     -2.946510597      4.336851996 
  0.0003043479522     0.5405621679  -2.29373842e-14      1.162248672      1.769548356      5.667392405       2.53609102     -2.569974948      4.339523304 
   0.000192486546     0.5407319362 -2.465742065e-14      1.162927745       1.39034138      4.462459788      2.529410637     -2.946510575      4.336851954 
  0.0001217391809     0.5405621658 -2.648445799e-14      1.162248663      1.769548349      5.667392369      2.536091008      -2.56997493       4.33952328 
  7.699461842e-05      0.540731935 -2.540413163e-14       1.16292774      1.390341372      4.462459756      2.529410626     -2.946510567      4.336851939 
  4.869567236e-05     0.5405621651 -2.409379871e-14       1.16224866      1.769548346       5.66739235      2.536091001     -2.569974924       4.33952327 
  3.079784737e-05     0.5407319345 -2.043613853e-14      1.162927738      1.390341369      4.462459743      2.529410621     -2.946510565      4.336851934 
  1.947826894e-05     0.5405621648  -1.99414727e-14      1.162248659      1.769548345      5.667392341      2.536090998     -2.569974922      4.339523267 
  1.231913895e-05     0.5407319344 -1.723322968e-14      1.162927737      1.390341367      4.462459737      2.529410619     -2.946510564      4.336851931 
  7.791307577e-06     0.5405621647 -1.748916849e-14      1.162248659      1.769548344      5.667392338      2.536090996     -2.569974922      4.339523266 
  4.927655579e-06     0.5407319343 -1.602024176e-14      1.162927737      1.390341367      4.462459735      2.529410618     -2.946510563       4.33685193 
  3.116523031e-06     0.5405621647 -1.510619061e-14      1.162248659      1.769548344      5.667392336      2.536090996     -2.569974921      4.339523265 
  1.971062231e-06     0.5407319343 -1.413128177e-14      1.162927737      1.390341367      4.462459734      2.529410618     -2.946510563       4.33685193 
  1.246609212e-06     0.5405621647 -1.536078743e-14      1.162248659      1.769548344      5.667392336      2.536090996     -2.569974921      4.339523265 
  7.884248926e-07     0.5407319343 -1.503275961e-14      1.162927737      1.390341367      4.462459734      2.529410618     -2.946510563       4.33685193 
  4.986436849e-07     0.5405621646 -1.495381891e-14      1.162248659      1.769548344      5.667392336      2.536090996     -2.569974921      4.339523265 
   3.15369957e-07     0.5407319343 -1.422775403e-14      1.162927737      1.390341367      4.462459734      2.529410618     -2.946510563       4.33685193 
   1.99457474e-07     0.5405621646 -1.421059141e-14      1.162248659      1.769548344      5.667392336      2.536090996     -2.569974921      4.339523265 
  1.261479828e-07     0.5407319343  -1.39377436e-14      1.162927737      1.390341367      4.462459734      2.529410618     -2.946510563       4.33685193 
  7.978298959e-08     0.5405621646  -1.58877382e-14      1.162248659      1.769548343      5.667392335      2.536090996     -2.569974921      4.339523265 
  5.045919313e-08     0.5407319343 -1.725448733e-14      1.162927737      1.390341367      4.462459734      2.529410618     -2.946510563       4.33685193 
  3.191319583e-08     0.5405621646  -1.94745595e-14      1.162248659      1.769548343      5.667392335      2.536090995     -2.569974921      4.339523265 
  2.018367725e-08     0.5407319343 -1.830640722e-14      1.162927737      1.390341367      4.462459734      2.529410618     -2.946510563       4.33685193 
  1.276527833e-08     0.5405621646 -1.687315928e-14      1.162248659      1.769548343      5.667392335      2.536090995     -2.569974921      4.339523265 
    8.0734709e-09     0.5407319343 -1.252276969e-14      1.162927737      1.390341367      4.462459734      2.529410618     -2.946510563       4.33685193 
  5.106111334e-09     0.5405621646 -1.028867548e-14      1.162248659      1.769548343      5.667392335      2.536090995     -2.569974921      4.339523265 
   3.22938836e-09     0.5407319343 -8.484865045e-15      1.162927737      1.390341367      4.462459734      2.529410618     -2.946510563       4.33685193 
  2.042444533e-09     0.5405621646 -1.078587198e-14      1.162248659      1.769548343      5.667392335      2.536090995     -2.569974921      4.339523265 
  1.291755344e-09     0.5407319343 -1.363775353e-14      1.162927737      1.390341367      4.462459734      2.529410618     -2.946510563       4.33685193 
  8.169778134e-10     0.5405621646 -1.848751871e-14      1.162248659      1.769548343      5.667392335      2.536090995     -2.569974921      4.339523265 
  5.167021376e-10     0.5407319343 -2.185196951e-14      1.162927737      1.390341367      4.462459734      2.529410618     -2.946510563       4.33685193 
  3.267911253e-10     0.5405621646 -2.587476446e-14      1.162248659      1.769548343      5.667392335      2.536090995     -2.569974921      4.339523265 
   2.06680855e-10     0.5407319343 -2.667389543e-14      1.162927737      1.390341367      4.462459734      2.529410618     -2.946510563       4.33685193 
  1.307164501e-10     0.5405621646 -2.445054552e-14      1.162248659      1.769548343      5.667392335      2.536090995     -2.569974921      4.339523265 
  8.267234202e-11     0.5407319343 -1.845999835e-14      1.162927737      1.390341367      4.462459734      2.529410618     -2.946510563       4.33685193 
  5.228658006e-11     0.5405621646 -1.621703341e-14      1.162248659      1.769548343      5.667392335      2.536090995     -2.569974921      4.339523265 
  3.306893681e-11     0.5407319343 -1.210934339e-14      1.162927737      1.390341367      4.462459734      2.529410618     -2.946510563       4.33685193 
  2.091463202e-11     0.5405621646 -8.838565091e-15      1.162248659      1.769548343      5.667392335      2.536090995     -2.569974921      4.339523265 
  1.322757472e-11     0.5407319343 -5.830324043e-15      1.162927737      1.390341367      4.462459734      2.529410618     -2.946510563       4.33685193 
  8.365852809e-12     0.5405621646 -8.268698065e-16      1.162248659      1.769548343      5.667392335      2.536090995     -2.569974921      4.339523265 
  5.291029889e-12     0.5407319343  4.700366467e-15      1.162927737      1.390341367      4.462459734      2.529410618     -2.946510563       4.33685193 
  3.346341124e-12     0.5405621646  6.475172535e-15      1.162248659      1.769548343      5.667392335      2.536090995     -2.569974921      4.339523265 
  2.116411956e-12     0.5407319343  5.926531507e-15      1.162927737      1.390341367      4.462459734      2.529410618     -2.946510563       4.33685193 
  1.338536449e-12     0.5405621646  3.017981698e-15      1.162248659      1.769548343      5.667392335      2.536090995     -2.569974921      4.339523265 
  8.465647823e-13     0.5407319343  3.605623792e-15      1.162927737      1.390341367      4.462459734      2.529410618     -2.946510563       4.33685193 
  5.354145798e-13     0.5405621646  4.131498598e-15      1.162248659      1.769548343      5.667392335      2.536090995     -2.569974921      4.339523265 
  3.386259129e-13     0.5407319343  5.246660117e-15      1.162927737      1.390341367      4.462459734      2.529410618     -2.946510563       4.33685193 
  2.141658319e-13     0.5405621646   4.71356814e-15      1.162248659      1.769548343      5.667392335      2.536090995     -2.569974921      4.339523265 
  1.354503652e-13     0.5407319343  1.547051147e-15      1.162927737      1.390341367      4.462459734      2.529410618     -2.946510563       4.33685193 
  8.566633276e-14     0.5405621646  -2.87790327e-15      1.162248659      1.769548343      5.667392335      2.536090995     -2.569974921      4.339523265 
  5.418014606e-14     0.5407319343 -5.135449021e-15      1.162927737      1.390341367      4.462459734      2.529410618     -2.946510563       4.33685193 
  3.426653311e-14     0.5405621646   -6.0162287e-15      1.162248659      1.769548343      5.667392335      2.536090995     -2.569974921      4.339523265 
  2.167205843e-14     0.5407319343 -8.648179559e-15      1.162927737      1.390341367      4.462459734      2.529410618     -2.946510563       4.33685193 
  1.370661324e-14     0.5405621646 -7.711802176e-15      1.162248659      1.769548343      5.667392335      2.536090995     -2.569974921      4.339523265 
   8.66882337e-15     0.5407319343 -5.489897196e-15      1.162927737      1.390341367      4.462459734      2.529410618     -2.946510563       4.33685193 
  5.482645297e-15     0.5405621646 -1.967146873e-15      1.162248659      1.769548343      5.667392335      2.536090995     -2.569974921      4.339523265 
  3.467529348e-15     0.5407319343   1.84957101e-15      1.162927737      1.390341367      4.462459734      2.529410618     -2.946510563       4.33685193 
  2.193058119e-15     0.5405621646  3.773553297e-15      1.162248659      1.769548343      5.667392335      2.536090995     -2.569974921      4.339523265 
  1.387011739e-15     0.5407319343  3.021242356e-15      1.162927737      1.390341367      4.462459734      2.529410618     -2.946510563       4.33685193 
