# Input file for NRG Ljubljana
# symtype 	QS
# Using sneg version 	1.251
#!9
# Number of channels, chain sites, subspaces: 
1	75	6
# SCALE 	1.1609953011294531
# Energies (GS energy subtracted, multiplied by 1/SCALE):
-2	1
1
0.04306649643746052
-1	2
2
0.	0.04306649643746052
0	1
3
0.	0.04306649643746052	0.04306649643746052
0	3
1
0.
1	2
2
0.	0.04306649643746052
2	1
1
0.04306649643746052
# Irreducible matrix elements for Wilson chains:
f 0 0
6
2	1	1	2
0.	1.4142135623730951
1	2	0	3
1.224744871391589
0.
1	2	0	1
-0.7071067811865475	0.	0.
0.	1.	0.
0	3	-1	2
1.	0.
0	1	-1	2
1.	0.
0.	0.
0.	1.4142135623730951
-1	2	-2	1
0.
1.
# GS energy in absolute units:
e
0.
# Irreducible matrix elements for other operators:
# Discretization tables:
z
75
0.5622596298468861134
0.4208430249583948244
0.28567196414322635289
0.18278517745206724467
0.11650373511945810475
0.074038278953586044351
0.046925624158560728183
0.029704155661712900078
0.018793123926160180079
0.011887480445287019024
0.0075187244541992709988
0.0047553655942887553706
0.0030075842791637029312
0.0019021701469091456552
0.0012030397605705728933
0.00076086958905984144117
0.00048121629136905884376
0.00030434793356399553643
0.00019248654132474827097
0.00012173917969377328428
0.00007699461811563643442
0.000048695672278672633846
0.000030797847347741761539
0.000019478268937143507211
0.000012319138945591884753
7.7913075765005679318e-6
4.9276555786524454312e-6
3.1165230307053897358e-6
1.9710622314875824304e-6
1.2466092122888862984e-6
7.8842489259673564468e-7
4.9864368491598526521e-7
3.1536995703880322891e-7
1.9945747396642167382e-7
1.2614798281552826571e-7
7.9782989586570433863e-8
5.045919312621175263e-8
3.1913195834628286463e-8
2.0183677250484729618e-8
1.2765278333851321812e-8
8.0734709001938936754e-9
5.1061113335405291872e-9
3.2293883600775575872e-9
2.0424445334162117045e-9
1.2917553440310230424e-9
8.1697781336648468369e-10
5.1670213761240921742e-10
3.267911253465938736e-10
2.06680855044963687e-10
1.3071645013863754945e-10
8.2672342017985474802e-11
5.2286580055455019779e-11
3.3068936807194189921e-11
2.0914632022182007912e-11
1.3227574722877675968e-11
8.3658528088728031647e-12
5.2910298891510703874e-12
3.3463411235491212659e-12
2.1164119556604281549e-12
1.3385364494196485063e-12
8.4656478226417126198e-13
5.3541457976785940254e-13
3.3862591290566850479e-13
2.1416583190714376102e-13
1.3545036516226740192e-13
8.5666332762857504406e-14
5.4180146064906960766e-14
3.4266533105143001762e-14
2.1672058425962784307e-14
1.3706613242057200705e-14
8.6688233703851137226e-15
5.482645296822880282e-15
3.4675293481540454891e-15
2.1930581187291521128e-15
1.3870117392616181956e-15
8.7722324749166084512e-16
75
0.e-999
0.e-998
0.e-997
0.e-997
0.e-996
0.e-995
0.e-994
0.e-993
0.e-992
0.e-991
0.e-991
0.e-990
0.e-989
0.e-988
0.e-987
0.e-986
0.e-985
0.e-985
0.e-984
0.e-983
0.e-982
0.e-981
0.e-980
0.e-979
0.e-978
0.e-978
0.e-977
0.e-976
0.e-975
0.e-974
0.e-973
0.e-972
0.e-972
0.e-971
0.e-970
0.e-969
0.e-968
0.e-967
0.e-966
0.e-965
0.e-965
0.e-964
0.e-963
0.e-962
0.e-961
0.e-960
0.e-959
0.e-959
0.e-958
0.e-957
0.e-956
0.e-955
0.e-954
0.e-953
0.e-953
0.e-952
0.e-951
0.e-950
0.e-949
0.e-948
0.e-947
0.e-946
0.e-946
0.e-945
0.e-944
0.e-943
0.e-942
0.e-941
0.e-940
0.e-940
0.e-939
0.e-938
0.e-937
0.e-936
0.e-920
0.e-891
