#               T           <Sz^2>              <Q>            <Q^2>              <E>            <E^2>                C                F                S 
      1.160995301     0.2526912401                0     0.9892350397    0.02106963909  0.0009073955369  0.0004634658454     -2.751287296      2.772356936 
     0.7342779009      0.345912653  -2.49230941e-17      1.349616707      1.005070714      1.519470918     0.5093037783     -2.880230618      3.885301332 
     0.4643981205     0.4047041961 -1.071309173e-17      1.565035607      1.143410742      2.664060942      1.356672817     -3.516919581      4.660330322 
     0.2937111603     0.4251611416  8.403475453e-16      1.615731895      1.813985093      5.547583786      2.257041867     -3.172079063      4.986064156 
     0.1857592482     0.4328976021  1.345314866e-15      1.597814308      1.513524296      4.845042182      2.554286388     -3.515189744       5.02871404 
     0.1174844641     0.4417703622  2.243856711e-15      1.557435381      1.940775382      6.358164918      2.591555836     -3.071648273      5.012423655 
    0.07430369927     0.4562327953  4.342813546e-15      1.500602451      1.617540332      5.246652147      2.630215422     -3.358461414      4.976001746 
    0.04699378566     0.4764045641  8.086028213e-15      1.418709069      2.042529004      6.923182702      2.751257969     -2.866160152      4.908689157 
    0.02972147971     0.5015207034    1.0227066e-14      1.319580819      1.653515606      5.632053204      2.897939343     -3.116942546      4.770458152 
    0.01879751426     0.5242084584  1.180072434e-14      1.227529746      1.943112255      6.740213685       2.96452845     -2.637513875       4.58062613 
    0.01188859188     0.5370519001  9.796475598e-15      1.177517113      1.451638696      4.887503747      2.780248845     -2.961255198      4.412893894 
   0.007519005705     0.5402309514  8.389381261e-15      1.163484275      1.777872943      5.750948262      2.590116062     -2.571236226      4.349109168 
   0.004755436753     0.5407216034  6.904762261e-15      1.162931609      1.390470028      4.464141909      2.530735011     -2.946520967      4.336990994 
   0.003007602282     0.5405620617  7.090192076e-15      1.162248247      1.769548159      5.667387755      2.536087069     -2.569973767      4.339521925 
   0.001902174701     0.5407319074  7.913037304e-15       1.16292763      1.390341309      4.462459779      2.529410824     -2.946510367      4.336851676 
   0.001203040913     0.5405621531  1.110338147e-14      1.162248612      1.769548411      5.667392714      2.536091136     -2.569974752      4.339523163 
  0.0007608698805     0.5407319304   1.37114951e-14      1.162927722      1.390341361      4.462459766      2.529410665     -2.946510534      4.336851895 
  0.0004812163651      0.540562163  1.733049682e-14      1.162248652      1.769548356      5.667392405      2.536091022     -2.569974895      4.339523251 
  0.0003043479522     0.5407319338  1.736352888e-14      1.162927735      1.390341367      4.462459742      2.529410627     -2.946510559      4.336851926 
   0.000192486546     0.5405621644  1.714445475e-14      1.162248658      1.769548346      5.667392349      2.536091001     -2.569974917      4.339523263 
  0.0001217391809     0.5407319342  1.504162598e-14      1.162927737      1.390341367      4.462459736       2.52941062     -2.946510563       4.33685193 
  7.699461842e-05     0.5405621646  1.588091811e-14      1.162248659      1.769548344      5.667392338      2.536090997     -2.569974921      4.339523265 
  4.869567236e-05     0.5407319343  1.539731698e-14      1.162927737      1.390341367      4.462459735      2.529410618     -2.946510563       4.33685193 
  3.079784737e-05     0.5405621647  1.803499146e-14      1.162248659      1.769548344      5.667392336      2.536090996     -2.569974921      4.339523265 
  1.947826894e-05     0.5407319343  2.113103779e-14      1.162927737      1.390341367      4.462459734      2.529410618     -2.946510563       4.33685193 
  1.231913895e-05     0.5405621646  2.519025976e-14      1.162248659      1.769548344      5.667392336      2.536090996     -2.569974921      4.339523265 
  7.791307577e-06     0.5407319343  2.607921973e-14      1.162927737      1.390341367      4.462459734      2.529410618     -2.946510563       4.33685193 
  4.927655579e-06     0.5405621646  2.844282766e-14      1.162248659      1.769548344      5.667392336      2.536090996     -2.569974921      4.339523265 
  3.116523031e-06     0.5407319343  2.770480398e-14      1.162927737      1.390341367      4.462459734      2.529410618     -2.946510563       4.33685193 
  1.971062231e-06     0.5405621646  3.047172721e-14      1.162248659      1.769548343      5.667392335      2.536090996     -2.569974921      4.339523265 
  1.246609212e-06     0.5407319343  3.161667897e-14      1.162927737      1.390341367      4.462459734      2.529410618     -2.946510563       4.33685193 
  7.884248926e-07     0.5405621646   3.25197811e-14      1.162248659      1.769548343      5.667392335      2.536090996     -2.569974921      4.339523265 
  4.986436849e-07     0.5407319343  3.079798376e-14      1.162927737      1.390341367      4.462459734      2.529410618     -2.946510563       4.33685193 
   3.15369957e-07     0.5405621646  3.211017478e-14      1.162248659      1.769548343      5.667392335      2.536090995     -2.569974921      4.339523265 
   1.99457474e-07     0.5407319343  3.144185726e-14      1.162927737      1.390341367      4.462459734      2.529410618     -2.946510563       4.33685193 
  1.261479828e-07     0.5405621646  3.287356952e-14      1.162248659      1.769548343      5.667392335      2.536090995     -2.569974921      4.339523265 
  7.978298959e-08     0.5407319343  3.301457644e-14      1.162927737      1.390341367      4.462459734      2.529410618     -2.946510563       4.33685193 
  5.045919313e-08     0.5405621646  3.481232874e-14      1.162248659      1.769548343      5.667392335      2.536090995     -2.569974921      4.339523265 
  3.191319583e-08     0.5407319343  3.563704307e-14      1.162927737      1.390341367      4.462459734      2.529410618     -2.946510563       4.33685193 
  2.018367725e-08     0.5405621646  3.496669357e-14      1.162248659      1.769548343      5.667392335      2.536090995     -2.569974921      4.339523265 
  1.276527833e-08     0.5407319343  3.183466513e-14      1.162927737      1.390341367      4.462459734      2.529410618     -2.946510563       4.33685193 
    8.0734709e-09     0.5405621646   2.99818072e-14      1.162248659      1.769548343      5.667392335      2.536090995     -2.569974921      4.339523265 
  5.106111334e-09     0.5407319343  2.975573458e-14      1.162927737      1.390341367      4.462459734      2.529410618     -2.946510563       4.33685193 
   3.22938836e-09     0.5405621646  3.292531922e-14      1.162248659      1.769548343      5.667392335      2.536090995     -2.569974921      4.339523265 
  2.042444533e-09     0.5407319343  3.497516636e-14      1.162927737      1.390341367      4.462459734      2.529410618     -2.946510563       4.33685193 
  1.291755344e-09     0.5405621646  3.751322914e-14      1.162248659      1.769548343      5.667392335      2.536090995     -2.569974921      4.339523265 
  8.169778134e-10     0.5407319343  3.958555232e-14      1.162927737      1.390341367      4.462459734      2.529410618     -2.946510563       4.33685193 
  5.167021376e-10     0.5405621646  4.227699418e-14      1.162248659      1.769548343      5.667392335      2.536090995     -2.569974921      4.339523265 
  3.267911253e-10     0.5407319343  4.108341137e-14      1.162927737      1.390341367      4.462459734      2.529410618     -2.946510563       4.33685193 
   2.06680855e-10     0.5405621646  4.226427925e-14      1.162248659      1.769548343      5.667392335      2.536090995     -2.569974921      4.339523265 
  1.307164501e-10     0.5407319343  4.271246073e-14      1.162927737      1.390341367      4.462459734      2.529410618     -2.946510563       4.33685193 
  8.267234202e-11     0.5405621646  4.633096573e-14      1.162248659      1.769548343      5.667392335      2.536090995     -2.569974921      4.339523265 
  5.228658006e-11     0.5407319343  4.720310236e-14      1.162927737      1.390341367      4.462459734      2.529410618     -2.946510563       4.33685193 
  3.306893681e-11     0.5405621646  4.983809986e-14      1.162248659      1.769548343      5.667392335      2.536090995     -2.569974921      4.339523265 
  2.091463202e-11     0.5407319343  4.914468967e-14      1.162927737      1.390341367      4.462459734      2.529410618     -2.946510563       4.33685193 
  1.322757472e-11     0.5405621646  5.130504835e-14      1.162248659      1.769548343      5.667392335      2.536090995     -2.569974921      4.339523265 
  8.365852809e-12     0.5407319343   4.79701013e-14      1.162927737      1.390341367      4.462459734      2.529410618     -2.946510563       4.33685193 
  5.291029889e-12     0.5405621646  4.918793625e-14      1.162248659      1.769548343      5.667392335      2.536090995     -2.569974921      4.339523265 
  3.346341124e-12     0.5407319343   4.53914967e-14      1.162927737      1.390341367      4.462459734      2.529410618     -2.946510563       4.33685193 
  2.116411956e-12     0.5405621646  4.390992241e-14      1.162248659      1.769548343      5.667392335      2.536090995     -2.569974921      4.339523265 
  1.338536449e-12     0.5407319343  4.099634503e-14      1.162927737      1.390341367      4.462459734      2.529410618     -2.946510563       4.33685193 
  8.465647823e-13     0.5405621646  4.086630651e-14      1.162248659      1.769548343      5.667392335      2.536090995     -2.569974921      4.339523265 
  5.354145798e-13     0.5407319343  3.834158194e-14      1.162927737      1.390341367      4.462459734      2.529410618     -2.946510563       4.33685193 
  3.386259129e-13     0.5405621646  4.017242846e-14      1.162248659      1.769548343      5.667392335      2.536090995     -2.569974921      4.339523265 
  2.141658319e-13     0.5407319343  4.078877272e-14      1.162927737      1.390341367      4.462459734      2.529410618     -2.946510563       4.33685193 
  1.354503652e-13     0.5405621646  4.295240405e-14      1.162248659      1.769548343      5.667392335      2.536090995     -2.569974921      4.339523265 
  8.566633276e-14     0.5407319343    3.9852443e-14      1.162927737      1.390341367      4.462459734      2.529410618     -2.946510563       4.33685193 
  5.418014606e-14     0.5405621646  4.542922119e-14      1.162248659      1.769548343      5.667392335      2.536090995     -2.569974921      4.339523265 
  3.426653311e-14     0.5407319343  4.691943278e-14      1.162927737      1.390341367      4.462459734      2.529410618     -2.946510563       4.33685193 
  2.167205843e-14     0.5405621646  5.021678809e-14      1.162248659      1.769548343      5.667392335      2.536090995     -2.569974921      4.339523265 
  1.370661324e-14     0.5407319343  4.951568327e-14      1.162927737      1.390341367      4.462459734      2.529410618     -2.946510563       4.33685193 
   8.66882337e-15     0.5405621646  4.979314587e-14      1.162248659      1.769548343      5.667392335      2.536090995     -2.569974921      4.339523265 
  5.482645297e-15     0.5407319343  4.706434119e-14      1.162927737      1.390341367      4.462459734      2.529410618     -2.946510563       4.33685193 
  3.467529348e-15     0.5405621646  4.818662928e-14      1.162248659      1.769548343      5.667392335      2.536090995     -2.569974921      4.339523265 
  2.193058119e-15     0.5407319343  4.677618147e-14      1.162927737      1.390341367      4.462459734      2.529410618     -2.946510563       4.33685193 
  1.387011739e-15     0.5405621646  4.887188031e-14      1.162248659      1.769548343      5.667392335      2.536090995     -2.569974921      4.339523265 
