#               1                2                3                4                5                6                7 
#               T              acr            displ          displ^2              n_d            n_d^2              nph 
      1.020139447                0                0      7.043220492                1              1.5      3.177503011 
     0.7213475204 -2.457292664e-17 -4.914585327e-17      5.991008853                1              1.5       2.58287925 
     0.5100697233 -3.721565049e-17 -7.443130098e-17      4.794046476                1              1.5      1.932414915 
     0.3606737602 -1.011055761e-16 -2.022111523e-16      3.610590711                1              1.5       1.31301717 
     0.2550348616 -3.444716548e-16 -6.889433096e-16      2.626682025                1              1.5     0.8137146803 
     0.1803368801 -2.732766405e-16 -5.465532811e-16      1.957912057                1              1.5     0.4789560287 
     0.1275174308 -1.428220617e-16 -2.856441234e-16      1.503942897                1              1.5     0.2519714485 
    0.09016844006 -5.709223056e-17 -1.141844611e-16      1.232319779                1              1.5     0.1161598894 
    0.06375871541 -2.630543249e-17 -5.261086498e-17       1.08403526                1              1.5    0.04201762998 
    0.04508422003  -2.07619912e-17  -4.15239824e-17      1.021109859                1              1.5    0.01055492951 
    0.03187935771  2.738564047e-17  5.477128095e-17      1.002563519                1              1.5   0.001281759624 
    0.02254211001   8.20267485e-17   1.64053497e-16      1.000075936                1              1.5  3.796813085e-05 
    0.01593967885  1.279343979e-16  2.558687958e-16                1                1              1.5  1.000958063e-29 
    0.01127105501  1.614584778e-16  3.229169555e-16                1                1              1.5  9.587416645e-30 
   0.007969839427  1.858889005e-16   3.71777801e-16                1                1              1.5  9.370129453e-30 
   0.005635527503  2.011148271e-16  4.022296543e-16                1                1              1.5  9.262378226e-30 
   0.003984919713  2.102098919e-16  4.204197838e-16                1                1              1.5  9.207287752e-30 
   0.002817763752  2.152343968e-16  4.304687937e-16                1                1              1.5  9.180385121e-30 
   0.001992459857  2.180044509e-16  4.360089019e-16                1                1              1.5  9.166605665e-30 
   0.001408881876  2.194146471e-16  4.388292941e-16                1                1              1.5  9.159911913e-30 
  0.0009962299283  2.201543871e-16  4.403087743e-16                1                1              1.5  9.156470458e-30 
  0.0007044409379   2.20518646e-16   4.41037292e-16                1                1              1.5  9.154796965e-30 
  0.0004981149642  2.207068069e-16  4.414136138e-16                1                1              1.5   9.15393694e-30 
   0.000352220469  2.207986502e-16  4.415973004e-16                1                1              1.5  9.153518486e-30 
  0.0002490574821  2.208458672e-16  4.416917344e-16                1                1              1.5  9.153303636e-30 
  0.0001761102345  2.208688684e-16  4.417377368e-16                1                1              1.5  9.153199057e-30 
   0.000124528741   2.20880686e-16  4.417613719e-16                1                1              1.5  9.153145344e-30 
  8.805511724e-05  2.208864377e-16  4.417728755e-16                1                1              1.5  9.153119206e-30 
  6.226437052e-05  2.208893919e-16  4.417787838e-16                1                1              1.5  9.153105783e-30 
  4.402755862e-05  2.208908295e-16  4.417816591e-16                1                1              1.5  9.153099251e-30 
  3.113218526e-05  2.208915678e-16  4.417831357e-16                1                1              1.5  9.153095896e-30 
  2.201377931e-05  2.208919271e-16  4.417838543e-16                1                1              1.5  9.153094264e-30 
  1.556609263e-05  2.208921116e-16  4.417842233e-16                1                1              1.5  9.153093426e-30 
  1.100688966e-05  2.208922014e-16  4.417844029e-16                1                1              1.5  9.153093018e-30 
  7.783046315e-06  2.208922475e-16  4.417844951e-16                1                1              1.5  9.153092808e-30 
  5.503444828e-06    2.2089227e-16  4.417845399e-16                1                1              1.5  9.153092706e-30 
  3.891523157e-06  2.208922815e-16   4.41784563e-16                1                1              1.5  9.153092654e-30 
  2.751722414e-06  2.208922871e-16  4.417845742e-16                1                1              1.5  9.153092628e-30 
  1.945761579e-06    2.2089229e-16    4.4178458e-16                1                1              1.5  9.153092615e-30 
  1.375861207e-06  2.208922914e-16  4.417845827e-16                1                1              1.5  9.153092609e-30 
