# Input file for NRG Ljubljana
# symtype 	QS
# Using sneg version 	1.251
#!9
# Number of channels, chain sites, subspaces: 
1	39	6
# SCALE 	1.0201394465967895
# Energies (GS energy subtracted, multiplied by 1/SCALE):
-2	1
11
0.6995608775269512	0.8956125062206606	1.09166413491437	1.2877157636080796	1.4837673923017891	1.6798190209954984	1.8758706496892081	2.0719222783829174	2.2679739070766267	2.4640255357703365	2.6600771644640457
-1	2
22
0.34978043876347564	0.5458320674571852	0.7418836961508947	0.9379353248446041	1.0493413162904268	1.1339869535383134	1.245392944984136	1.3300385822320229	1.4414445736778458	1.5260902109257324	1.6374962023715551	1.722141839619442	1.8335478310652646	1.9181934683131512	2.0295994597589737	2.1142450970068607	2.2256510884526834	2.3102967257005704	2.421702717146393	2.6177543458401025	2.8138059745338118	3.0098576032275215
0	1
33
0.	0.19605162869371007	0.39210325738741875	0.5881548860811283	0.6995608775269512	0.7842065147748378	0.8956125062206608	0.9802581434685469	1.09166413491437	1.1763097721622569	1.2877157636080796	1.3723614008559655	1.3991217550539023	1.4837673923017898	1.5684130295496759	1.595173383747612	1.6798190209954993	1.7644646582433843	1.7912250124413214	1.8758706496892086	1.960516286937095	1.9872766411350304	2.0719222783829183	2.1833282698287393	2.267973907076628	2.3793798985224495	2.4640255357703365	2.5754315272161583	2.660077164464045	2.7714831559098685	2.9675347846035782	3.163586413297287	3.359638041990996
0	3
11
0.6995608775269512	0.8956125062206606	1.09166413491437	1.2877157636080796	1.4837673923017891	1.6798190209954984	1.8758706496892081	2.0719222783829174	2.2679739070766267	2.4640255357703365	2.6600771644640457
1	2
22
0.34978043876347564	0.5458320674571852	0.7418836961508947	0.9379353248446041	1.0493413162904268	1.1339869535383134	1.245392944984136	1.3300385822320229	1.4414445736778458	1.5260902109257324	1.6374962023715551	1.722141839619442	1.8335478310652646	1.9181934683131512	2.0295994597589737	2.1142450970068607	2.2256510884526834	2.3102967257005704	2.421702717146393	2.6177543458401025	2.8138059745338118	3.0098576032275215
2	1
11
0.6995608775269512	0.8956125062206606	1.09166413491437	1.2877157636080796	1.4837673923017891	1.6798190209954984	1.8758706496892081	2.0719222783829174	2.2679739070766267	2.4640255357703365	2.6600771644640457
# Irreducible matrix elements for Wilson chains:
f 0 0
6
2	1	1	2
1.0000000000000002	0.	0.	0.	-1.	0.	0.	0.	0.	0.	0.	0.	0.	0.	0.	0.	0.	0.	0.	0.	0.	0.
0.	1.0000000000000002	0.	0.	0.	0.	-1.	0.	0.	0.	0.	0.	0.	0.	0.	0.	0.	0.	0.	0.	0.	0.
0.	0.	1.0000000000000002	0.	0.	0.	0.	0.	-1.	0.	0.	0.	0.	0.	0.	0.	0.	0.	0.	0.	0.	0.
0.	0.	0.	1.0000000000000002	0.	0.	0.	0.	0.	0.	-1.	0.	0.	0.	0.	0.	0.	0.	0.	0.	0.	0.
0.	0.	0.	0.	0.	1.0000000000000002	0.	0.	0.	0.	0.	0.	-1.	0.	0.	0.	0.	0.	0.	0.	0.	0.
0.	0.	0.	0.	0.	0.	0.	1.0000000000000002	0.	0.	0.	0.	0.	0.	-1.	0.	0.	0.	0.	0.	0.	0.
0.	0.	0.	0.	0.	0.	0.	0.	0.	1.0000000000000002	0.	0.	0.	0.	0.	0.	-1.	0.	0.	0.	0.	0.
0.	0.	0.	0.	0.	0.	0.	0.	0.	0.	0.	1.0000000000000002	0.	0.	0.	0.	0.	0.	-1.	0.	0.	0.
0.	0.	0.	0.	0.	0.	0.	0.	0.	0.	0.	0.	0.	1.0000000000000002	0.	0.	0.	0.	0.	-1.	0.	0.
0.	0.	0.	0.	0.	0.	0.	0.	0.	0.	0.	0.	0.	0.	0.	1.0000000000000002	0.	0.	0.	0.	-1.	0.
0.	0.	0.	0.	0.	0.	0.	0.	0.	0.	0.	0.	0.	0.	0.	0.	0.	1.0000000000000002	0.	0.	0.	-1.
1	2	0	3
0.8660254037844385	0.	0.	0.	0.	0.	0.	0.	0.	0.	0.
0.	0.8660254037844385	0.	0.	0.	0.	0.	0.	0.	0.	0.
0.	0.	0.8660254037844385	0.	0.	0.	0.	0.	0.	0.	0.
0.	0.	0.	0.8660254037844385	0.	0.	0.	0.	0.	0.	0.
0.8660254037844386	0.	0.	0.	0.	0.	0.	0.	0.	0.	0.
0.	0.	0.	0.	0.8660254037844385	0.	0.	0.	0.	0.	0.
0.	0.8660254037844386	0.	0.	0.	0.	0.	0.	0.	0.	0.
0.	0.	0.	0.	0.	0.8660254037844385	0.	0.	0.	0.	0.
0.	0.	0.8660254037844386	0.	0.	0.	0.	0.	0.	0.	0.
0.	0.	0.	0.	0.	0.	0.8660254037844385	0.	0.	0.	0.
0.	0.	0.	0.8660254037844386	0.	0.	0.	0.	0.	0.	0.
0.	0.	0.	0.	0.	0.	0.	0.8660254037844385	0.	0.	0.
0.	0.	0.	0.	0.8660254037844386	0.	0.	0.	0.	0.	0.
0.	0.	0.	0.	0.	0.	0.	0.	0.8660254037844385	0.	0.
0.	0.	0.	0.	0.	0.8660254037844386	0.	0.	0.	0.	0.
0.	0.	0.	0.	0.	0.	0.	0.	0.	0.8660254037844385	0.
0.	0.	0.	0.	0.	0.	0.8660254037844386	0.	0.	0.	0.
0.	0.	0.	0.	0.	0.	0.	0.	0.	0.	0.8660254037844385
0.	0.	0.	0.	0.	0.	0.	0.8660254037844386	0.	0.	0.
0.	0.	0.	0.	0.	0.	0.	0.	0.8660254037844386	0.	0.
0.	0.	0.	0.	0.	0.	0.	0.	0.	0.8660254037844386	0.
0.	0.	0.	0.	0.	0.	0.	0.	0.	0.	0.8660254037844386
1	2	0	1
0.7071067811865475	0.	0.	0.	-0.5000000000000002	0.	0.	0.	0.	0.	0.	0.	-7.850462293418876e-17	0.	0.	0.	0.	0.	0.	0.	0.	0.	0.	0.	0.	0.	0.	0.	0.	0.	0.	0.	0.
0.	0.7071067811865476	0.	0.	0.	0.	-0.5000000000000001	0.	0.	0.	0.	0.	0.	0.	0.	-1.962615573354719e-16	0.	0.	0.	0.	0.	0.	0.	0.	0.	0.	0.	0.	0.	0.	0.	0.	0.
0.	0.	0.7071067811865475	0.	0.	0.	0.	0.	-0.5000000000000003	0.	0.	0.	0.	0.	0.	0.	0.	0.	-3.925231146709438e-17	0.	0.	0.	0.	0.	0.	0.	0.	0.	0.	0.	0.	0.	0.
0.	0.	0.	0.7071067811865476	0.	0.	0.	0.	0.	0.	-0.5000000000000001	0.	0.	0.	0.	0.	0.	0.	0.	0.	0.	7.850462293418876e-17	0.	0.	0.	0.	0.	0.	0.	0.	0.	0.	0.
0.	0.	0.	0.	0.49999999999999983	0.	0.	0.	0.	0.	0.	0.	-0.7071067811865475	0.	0.	0.	0.	0.	0.	0.	0.	0.	0.	0.	0.	0.	0.	0.	0.	0.	0.	0.	0.
0.	0.	0.	0.	0.	0.7071067811865477	0.	0.	0.	0.	0.	0.	0.	-0.4999999999999998	0.	0.	0.	0.	0.	0.	0.	0.	0.	-1.5700924586837752e-16	0.	0.	0.	0.	0.	0.	0.	0.	0.
0.	1.1102230246251565e-16	0.	0.	0.	0.	0.5	0.	0.	0.	0.	0.	0.	0.	0.	-0.7071067811865474	0.	0.	0.	0.	0.	0.	0.	0.	0.	0.	0.	0.	0.	0.	0.	0.	0.
0.	0.	0.	0.	0.	0.	0.	0.7071067811865474	0.	0.	0.	0.	0.	0.	0.	0.	-0.5000000000000003	0.	0.	0.	0.	0.	0.	0.	0.	-3.1401849173675503e-16	0.	0.	0.	0.	0.	0.	0.
0.	0.	0.	0.	0.	0.	0.	0.	0.5000000000000002	0.	0.	0.	0.	0.	0.	0.	0.	0.	-0.7071067811865476	0.	0.	0.	0.	0.	0.	0.	0.	0.	0.	0.	0.	0.	0.
0.	0.	0.	0.	0.	0.	0.	0.	0.	0.7071067811865476	0.	0.	0.	0.	0.	0.	0.	0.	0.	-0.5	0.	0.	0.	0.	0.	0.	0.	5.265388888363904e-16	0.	0.	0.	0.	0.
0.	0.	0.	-7.850462293418875e-17	0.	0.	0.	0.	0.	0.	0.5	0.	0.	0.	0.	0.	0.	0.	0.	0.	0.	-0.7071067811865477	0.	0.	0.	0.	0.	0.	0.	0.	0.	0.	0.
0.	0.	0.	0.	0.	0.	0.	0.	0.	0.	0.	0.7071067811865475	0.	0.	0.	0.	0.	0.	0.	0.	0.	0.	-0.5000000000000001	0.	0.	0.	0.	0.	0.	-6.7346319387674835e-18	0.	0.	0.
0.	0.	0.	0.	0.	-1.0149809463711966e-16	0.	0.	0.	0.	0.	0.	0.	0.4999999999999998	0.	0.	0.	0.	0.	0.	0.	0.	0.	0.7071067811865477	0.	0.	0.	0.	0.	0.	0.	0.	0.
0.	0.	0.	0.	0.	0.	0.	0.	0.	0.	0.	0.	0.	0.	0.7071067811865474	0.	0.	0.	0.	0.	0.	0.	0.	0.	-0.5000000000000003	0.	0.	0.	0.	0.	-2.517727085667297e-16	0.	0.
0.	0.	0.	0.	0.	0.	0.	7.850462293418875e-17	0.	0.	0.	0.	0.	0.	0.	0.	0.5000000000000002	0.	0.	0.	0.	0.	0.	0.	0.	-0.7071067811865472	0.	0.	0.	0.	0.	0.	0.
0.	0.	0.	0.	0.	0.	0.	0.	0.	0.	0.	0.	0.	0.	0.	0.	0.	0.7071067811865477	0.	0.	0.	0.	0.	0.	0.	0.	-0.5	0.	0.	0.	0.	5.820500400676482e-16	0.
0.	0.	0.	0.	0.	0.	0.	0.	0.	-7.850462293418875e-17	0.	0.	0.	0.	0.	0.	0.	0.	0.	0.49999999999999956	0.	0.	0.	0.	0.	0.	0.	-0.707106781186548	0.	0.	0.	0.	0.
0.	0.	0.	0.	0.	0.	0.	0.	0.	0.	0.	0.	0.	0.	0.	0.	0.	0.	0.	0.	0.7071067811865477	0.	0.	0.	0.	0.	0.	0.	-0.49999999999999994	0.	0.	0.	1.1315824006069696e-15
0.	0.	0.	0.	0.	0.	0.	0.	0.	0.	0.	2.842903880950566e-16	0.	0.	0.	0.	0.	0.	0.	0.	0.	0.	0.5000000000000001	0.	0.	0.	0.	0.	0.	-0.7071067811865474	0.	0.	0.
0.	0.	0.	0.	0.	0.	0.	0.	0.	0.	0.	0.	0.	0.	7.850462293418875e-17	0.	0.	0.	0.	0.	0.	0.	0.	0.	0.5000000000000001	0.	0.	0.	0.	0.	-0.7071067811865475	0.	0.
0.	0.	0.	0.	0.	0.	0.	0.	0.	0.	0.	0.	0.	0.	0.	0.	0.	-1.0149809463711966e-16	0.	0.	0.	0.	0.	0.	0.	0.	0.49999999999999956	0.	0.	0.	0.	-0.7071067811865479	0.
0.	0.	0.	0.	0.	0.	0.	0.	0.	0.	0.	0.	0.	0.	0.	0.	0.	0.	0.	0.	-2.3551386880256624e-16	0.	0.	0.	0.	0.	0.	0.	0.499999999999999	0.	0.	0.	-0.7071067811865485
0	3	-1	2
0.7071067811865476	0.	0.	0.	0.7071067811865475	0.	0.	0.	0.	0.	0.	0.	0.	0.	0.	0.	0.	0.	0.	0.	0.	0.
0.	0.7071067811865476	0.	0.	0.	0.	0.7071067811865475	0.	0.	0.	0.	0.	0.	0.	0.	0.	0.	0.	0.	0.	0.	0.
0.	0.	0.7071067811865476	0.	0.	0.	0.	0.	0.7071067811865475	0.	0.	0.	0.	0.	0.	0.	0.	0.	0.	0.	0.	0.
0.	0.	0.	0.7071067811865476	0.	0.	0.	0.	0.	0.	0.7071067811865475	0.	0.	0.	0.	0.	0.	0.	0.	0.	0.	0.
0.	0.	0.	0.	0.	0.7071067811865476	0.	0.	0.	0.	0.	0.	0.7071067811865475	0.	0.	0.	0.	0.	0.	0.	0.	0.
0.	0.	0.	0.	0.	0.	0.	0.7071067811865476	0.	0.	0.	0.	0.	0.	0.7071067811865475	0.	0.	0.	0.	0.	0.	0.
0.	0.	0.	0.	0.	0.	0.	0.	0.	0.7071067811865476	0.	0.	0.	0.	0.	0.	0.7071067811865475	0.	0.	0.	0.	0.
0.	0.	0.	0.	0.	0.	0.	0.	0.	0.	0.	0.7071067811865476	0.	0.	0.	0.	0.	0.	0.7071067811865475	0.	0.	0.
0.	0.	0.	0.	0.	0.	0.	0.	0.	0.	0.	0.	0.	0.7071067811865476	0.	0.	0.	0.	0.	0.7071067811865475	0.	0.
0.	0.	0.	0.	0.	0.	0.	0.	0.	0.	0.	0.	0.	0.	0.	0.7071067811865476	0.	0.	0.	0.	0.7071067811865475	0.
0.	0.	0.	0.	0.	0.	0.	0.	0.	0.	0.	0.	0.	0.	0.	0.	0.	0.7071067811865476	0.	0.	0.	0.7071067811865475
0	1	-1	2
-0.9999999999999999	0.	0.	0.	8.865115929175827e-17	0.	0.	0.	0.	0.	0.	0.	0.	0.	0.	0.	0.	0.	0.	0.	0.	0.
0.	-1.0000000000000002	0.	0.	0.	0.	4.2664215885896434e-17	0.	0.	0.	0.	0.	0.	0.	0.	0.	0.	0.	0.	0.	0.	0.
0.	0.	-0.9999999999999999	0.	0.	0.	0.	0.	8.865115929175827e-17	0.	0.	0.	0.	0.	0.	0.	0.	0.	0.	0.	0.	0.
0.	0.	0.	-0.9999999999999999	0.	0.	0.	0.	0.	0.	8.865115929175827e-17	0.	0.	0.	0.	0.	0.	0.	0.	0.	0.	0.
-0.7071067811865471	0.	0.	0.	0.7071067811865477	0.	0.	0.	0.	0.	0.	0.	0.	0.	0.	0.	0.	0.	0.	0.	0.	0.
0.	0.	0.	0.	0.	-1.	0.	0.	0.	0.	0.	0.	1.0146536357569526e-17	0.	0.	0.	0.	0.	0.	0.	0.	0.
0.	-0.7071067811865475	0.	0.	0.	0.	0.7071067811865476	0.	0.	0.	0.	0.	0.	0.	0.	0.	0.	0.	0.	0.	0.	0.
0.	0.	0.	0.	0.	0.	0.	-1.0000000000000002	0.	0.	0.	0.	0.	0.	4.2171806667930523e-16	0.	0.	0.	0.	0.	0.	0.
0.	0.	-0.7071067811865472	0.	0.	0.	0.	0.	0.7071067811865474	0.	0.	0.	0.	0.	0.	0.	0.	0.	0.	0.	0.	0.
0.	0.	0.	0.	0.	0.	0.	0.	0.	-1.	0.	0.	0.	0.	0.	0.	1.9967346175427393e-16	0.	0.	0.	0.	0.
0.	0.	0.	-0.7071067811865476	0.	0.	0.	0.	0.	0.	0.7071067811865477	0.	0.	0.	0.	0.	0.	0.	0.	0.	0.	0.
0.	0.	0.	0.	0.	0.	0.	0.	0.	0.	0.	-1.0000000000000002	0.	0.	0.	0.	0.	0.	-1.4686270951080797e-16	0.	0.	0.
1.46862709510808e-16	0.	0.	0.	1.0000000000000002	0.	0.	0.	0.	0.	0.	0.	0.	0.	0.	0.	0.	0.	0.	0.	0.	0.
0.	0.	0.	0.	0.	-0.7071067811865479	0.	0.	0.	0.	0.	0.	0.707106781186548	0.	0.	0.	0.	0.	0.	0.	0.	0.
0.	0.	0.	0.	0.	0.	0.	0.	0.	0.	0.	0.	0.	-1.0000000000000002	0.	0.	0.	0.	0.	4.2171806667930523e-16	0.	0.
0.	1.46862709510808e-16	0.	0.	0.	0.	1.0000000000000002	0.	0.	0.	0.	0.	0.	0.	0.	0.	0.	0.	0.	0.	0.	0.
0.	0.	0.	0.	0.	0.	0.	-0.7071067811865472	0.	0.	0.	0.	0.	0.	0.7071067811865474	0.	0.	0.	0.	0.	0.	0.
0.	0.	0.	0.	0.	0.	0.	0.	0.	0.	0.	0.	0.	0.	0.	-1.	0.	0.	0.	0.	1.0146536357569526e-17	0.
0.	0.	2.5788501197332367e-16	0.	0.	0.	0.	0.	1.	0.	0.	0.	0.	0.	0.	0.	0.	0.	0.	0.	0.	0.
0.	0.	0.	0.	0.	0.	0.	0.	0.	-0.7071067811865477	0.	0.	0.	0.	0.	0.	0.7071067811865482	0.	0.	0.	0.	0.
0.	0.	0.	0.	0.	0.	0.	0.	0.	0.	0.	0.	0.	0.	0.	0.	0.	-0.9999999999999998	0.	0.	0.	-2.2371143170757382e-17
0.	0.	0.	4.79929616898355e-16	0.	0.	0.	0.	0.	0.	0.9999999999999999	0.	0.	0.	0.	0.	0.	0.	0.	0.	0.	0.
0.	0.	0.	0.	0.	0.	0.	0.	0.	0.	0.	-0.7071067811865474	0.	0.	0.	0.	0.	0.	0.7071067811865475	0.	0.	0.
0.	0.	0.	0.	0.	-4.79929616898355e-16	0.	0.	0.	0.	0.	0.	-0.9999999999999999	0.	0.	0.	0.	0.	0.	0.	0.	0.
0.	0.	0.	0.	0.	0.	0.	0.	0.	0.	0.	0.	0.	-0.7071067811865472	0.	0.	0.	0.	0.	0.7071067811865476	0.	0.
0.	0.	0.	0.	0.	0.	0.	-7.518189541422332e-17	0.	0.	0.	0.	0.	0.	1.0000000000000004	0.	0.	0.	0.	0.	0.	0.
0.	0.	0.	0.	0.	0.	0.	0.	0.	0.	0.	0.	0.	0.	0.	-0.7071067811865477	0.	0.	0.	0.	0.7071067811865482	0.
0.	0.	0.	0.	0.	0.	0.	0.	0.	6.789807501204553e-16	0.	0.	0.	0.	0.	0.	0.9999999999999994	0.	0.	0.	0.	0.
0.	0.	0.	0.	0.	0.	0.	0.	0.	0.	0.	0.	0.	0.	0.	0.	0.	-0.7071067811865477	0.	0.	0.	0.7071067811865491
0.	0.	0.	0.	0.	0.	0.	0.	0.	0.	0.	-4.542357462076321e-16	0.	0.	0.	0.	0.	0.	1.0000000000000004	0.	0.	0.
0.	0.	0.	0.	0.	0.	0.	0.	0.	0.	0.	0.	0.	1.1102230246251565e-16	0.	0.	0.	0.	0.	1.0000000000000002	0.	0.
0.	0.	0.	0.	0.	0.	0.	0.	0.	0.	0.	0.	0.	0.	0.	3.3306690738754696e-16	0.	0.	0.	0.	0.9999999999999997	0.
0.	0.	0.	0.	0.	0.	0.	0.	0.	0.	0.	0.	0.	0.	0.	0.	0.	1.4432899320127035e-15	0.	0.	0.	0.9999999999999986
-1	2	-2	1
-0.7071067811865475	0.	0.	0.	0.	0.	0.	0.	0.	0.	0.
0.	-0.7071067811865475	0.	0.	0.	0.	0.	0.	0.	0.	0.
0.	0.	-0.7071067811865475	0.	0.	0.	0.	0.	0.	0.	0.
0.	0.	0.	-0.7071067811865475	0.	0.	0.	0.	0.	0.	0.
0.7071067811865476	0.	0.	0.	0.	0.	0.	0.	0.	0.	0.
0.	0.	0.	0.	-0.7071067811865475	0.	0.	0.	0.	0.	0.
0.	0.7071067811865476	0.	0.	0.	0.	0.	0.	0.	0.	0.
0.	0.	0.	0.	0.	-0.7071067811865475	0.	0.	0.	0.	0.
0.	0.	0.7071067811865476	0.	0.	0.	0.	0.	0.	0.	0.
0.	0.	0.	0.	0.	0.	-0.7071067811865475	0.	0.	0.	0.
0.	0.	0.	0.7071067811865476	0.	0.	0.	0.	0.	0.	0.
0.	0.	0.	0.	0.	0.	0.	-0.7071067811865475	0.	0.	0.
0.	0.	0.	0.	0.7071067811865476	0.	0.	0.	0.	0.	0.
0.	0.	0.	0.	0.	0.	0.	0.	-0.7071067811865475	0.	0.
0.	0.	0.	0.	0.	0.7071067811865476	0.	0.	0.	0.	0.
0.	0.	0.	0.	0.	0.	0.	0.	0.	-0.7071067811865475	0.
0.	0.	0.	0.	0.	0.	0.7071067811865476	0.	0.	0.	0.
0.	0.	0.	0.	0.	0.	0.	0.	0.	0.	-0.7071067811865475
0.	0.	0.	0.	0.	0.	0.	0.7071067811865476	0.	0.	0.
0.	0.	0.	0.	0.	0.	0.	0.	0.7071067811865476	0.	0.
0.	0.	0.	0.	0.	0.	0.	0.	0.	0.7071067811865476	0.
0.	0.	0.	0.	0.	0.	0.	0.	0.	0.	0.7071067811865476
# GS energy in absolute units:
e
-0.7136496464611084
# Irreducible matrix elements for other operators:
sn_d
6
-2	1	-2	1
0.	0.	0.	0.	0.	0.	0.	0.	0.	0.	0.
0.	0.	0.	0.	0.	0.	0.	0.	0.	0.	0.
0.	0.	0.	0.	0.	0.	0.	0.	0.	0.	0.
0.	0.	0.	0.	0.	0.	0.	0.	0.	0.	0.
0.	0.	0.	0.	0.	0.	0.	0.	0.	0.	0.
0.	0.	0.	0.	0.	0.	0.	0.	0.	0.	0.
0.	0.	0.	0.	0.	0.	0.	0.	0.	0.	0.
0.	0.	0.	0.	0.	0.	0.	0.	0.	0.	0.
0.	0.	0.	0.	0.	0.	0.	0.	0.	0.	0.
0.	0.	0.	0.	0.	0.	0.	0.	0.	0.	0.
0.	0.	0.	0.	0.	0.	0.	0.	0.	0.	0.
-1	2	-1	2
0.5000000000000001	0.	0.	0.	0.5	0.	0.	0.	0.	0.	0.	0.	0.	0.	0.	0.	0.	0.	0.	0.	0.	0.
0.	0.5000000000000001	0.	0.	0.	0.	0.5	0.	0.	0.	0.	0.	0.	0.	0.	0.	0.	0.	0.	0.	0.	0.
0.	0.	0.5000000000000001	0.	0.	0.	0.	0.	0.5	0.	0.	0.	0.	0.	0.	0.	0.	0.	0.	0.	0.	0.
0.	0.	0.	0.5000000000000001	0.	0.	0.	0.	0.	0.	0.5	0.	0.	0.	0.	0.	0.	0.	0.	0.	0.	0.
0.5	0.	0.	0.	0.4999999999999999	0.	0.	0.	0.	0.	0.	0.	0.	0.	0.	0.	0.	0.	0.	0.	0.	0.
0.	0.	0.	0.	0.	0.5000000000000001	0.	0.	0.	0.	0.	0.	0.5	0.	0.	0.	0.	0.	0.	0.	0.	0.
0.	0.5	0.	0.	0.	0.	0.4999999999999999	0.	0.	0.	0.	0.	0.	0.	0.	0.	0.	0.	0.	0.	0.	0.
0.	0.	0.	0.	0.	0.	0.	0.5000000000000001	0.	0.	0.	0.	0.	0.	0.5	0.	0.	0.	0.	0.	0.	0.
0.	0.	0.5	0.	0.	0.	0.	0.	0.4999999999999999	0.	0.	0.	0.	0.	0.	0.	0.	0.	0.	0.	0.	0.
0.	0.	0.	0.	0.	0.	0.	0.	0.	0.5000000000000001	0.	0.	0.	0.	0.	0.	0.5	0.	0.	0.	0.	0.
0.	0.	0.	0.5	0.	0.	0.	0.	0.	0.	0.4999999999999999	0.	0.	0.	0.	0.	0.	0.	0.	0.	0.	0.
0.	0.	0.	0.	0.	0.	0.	0.	0.	0.	0.	0.5000000000000001	0.	0.	0.	0.	0.	0.	0.5	0.	0.	0.
0.	0.	0.	0.	0.	0.5	0.	0.	0.	0.	0.	0.	0.4999999999999999	0.	0.	0.	0.	0.	0.	0.	0.	0.
0.	0.	0.	0.	0.	0.	0.	0.	0.	0.	0.	0.	0.	0.5000000000000001	0.	0.	0.	0.	0.	0.5	0.	0.
0.	0.	0.	0.	0.	0.	0.	0.5	0.	0.	0.	0.	0.	0.	0.4999999999999999	0.	0.	0.	0.	0.	0.	0.
0.	0.	0.	0.	0.	0.	0.	0.	0.	0.	0.	0.	0.	0.	0.	0.5000000000000001	0.	0.	0.	0.	0.5	0.
0.	0.	0.	0.	0.	0.	0.	0.	0.	0.5	0.	0.	0.	0.	0.	0.	0.4999999999999999	0.	0.	0.	0.	0.
0.	0.	0.	0.	0.	0.	0.	0.	0.	0.	0.	0.	0.	0.	0.	0.	0.	0.5000000000000001	0.	0.	0.	0.5
0.	0.	0.	0.	0.	0.	0.	0.	0.	0.	0.	0.5	0.	0.	0.	0.	0.	0.	0.4999999999999999	0.	0.	0.
0.	0.	0.	0.	0.	0.	0.	0.	0.	0.	0.	0.	0.	0.5	0.	0.	0.	0.	0.	0.4999999999999999	0.	0.
0.	0.	0.	0.	0.	0.	0.	0.	0.	0.	0.	0.	0.	0.	0.	0.5	0.	0.	0.	0.	0.4999999999999999	0.
0.	0.	0.	0.	0.	0.	0.	0.	0.	0.	0.	0.	0.	0.	0.	0.	0.	0.5	0.	0.	0.	0.4999999999999999
0	1	0	1
0.9999999999999999	0.	0.	0.	-0.7071067811865478	0.	0.	0.	0.	0.	0.	0.	-2.220446049250313e-16	0.	0.	0.	0.	0.	0.	0.	0.	0.	0.	0.	0.	0.	0.	0.	0.	0.	0.	0.	0.
0.	1.0000000000000002	0.	0.	0.	0.	-0.7071067811865476	0.	0.	0.	0.	0.	0.	0.	0.	-4.996003610813204e-16	0.	0.	0.	0.	0.	0.	0.	0.	0.	0.	0.	0.	0.	0.	0.	0.	0.
0.	0.	0.9999999999999999	0.	0.	0.	0.	0.	-0.7071067811865479	0.	0.	0.	0.	0.	0.	0.	0.	0.	-1.6653345369377348e-16	0.	0.	0.	0.	0.	0.	0.	0.	0.	0.	0.	0.	0.	0.
0.	0.	0.	1.0000000000000002	0.	0.	0.	0.	0.	0.	-0.7071067811865478	0.	0.	0.	0.	0.	0.	0.	0.	0.	0.	1.1102230246251568e-16	0.	0.	0.	0.	0.	0.	0.	0.	0.	0.	0.
-0.7071067811865478	0.	0.	0.	1.0000000000000002	0.	0.	0.	0.	0.	0.	0.	-0.7071067811865472	0.	0.	0.	0.	0.	0.	0.	0.	0.	0.	0.	0.	0.	0.	0.	0.	0.	0.	0.	0.
0.	0.	0.	0.	0.	1.0000000000000007	0.	0.	0.	0.	0.	0.	0.	-0.7071067811865475	0.	0.	0.	0.	0.	0.	0.	0.	0.	-3.3306690738754706e-16	0.	0.	0.	0.	0.	0.	0.	0.	0.
0.	-0.7071067811865476	0.	0.	0.	0.	1.0000000000000002	0.	0.	0.	0.	0.	0.	0.	0.	-0.7071067811865471	0.	0.	0.	0.	0.	0.	0.	0.	0.	0.	0.	0.	0.	0.	0.	0.	0.
0.	0.	0.	0.	0.	0.	0.	0.9999999999999997	0.	0.	0.	0.	0.	0.	0.	0.	-0.7071067811865478	0.	0.	0.	0.	0.	0.	0.	0.	-6.661338147750938e-16	0.	0.	0.	0.	0.	0.	0.
0.	0.	-0.7071067811865479	0.	0.	0.	0.	0.	1.000000000000001	0.	0.	0.	0.	0.	0.	0.	0.	0.	-0.7071067811865478	0.	0.	0.	0.	0.	0.	0.	0.	0.	0.	0.	0.	0.	0.
0.	0.	0.	0.	0.	0.	0.	0.	0.	1.0000000000000002	0.	0.	0.	0.	0.	0.	0.	0.	0.	-0.7071067811865477	0.	0.	0.	0.	0.	0.	0.	7.771561172376098e-16	0.	0.	0.	0.	0.
0.	0.	0.	-0.7071067811865478	0.	0.	0.	0.	0.	0.	1.0000000000000002	0.	0.	0.	0.	0.	0.	0.	0.	0.	0.	-0.7071067811865477	0.	0.	0.	0.	0.	0.	0.	0.	0.	0.	0.
0.	0.	0.	0.	0.	0.	0.	0.	0.	0.	0.	1.	0.	0.	0.	0.	0.	0.	0.	0.	0.	0.	-0.7071067811865475	0.	0.	0.	0.	0.	0.	-4.4408920985006257e-16	0.	0.	0.
-2.220446049250313e-16	0.	0.	0.	-0.7071067811865472	0.	0.	0.	0.	0.	0.	0.	1.	0.	0.	0.	0.	0.	0.	0.	0.	0.	0.	0.	0.	0.	0.	0.	0.	0.	0.	0.	0.
0.	0.	0.	0.	0.	-0.7071067811865475	0.	0.	0.	0.	0.	0.	0.	0.9999999999999992	0.	0.	0.	0.	0.	0.	0.	0.	0.	0.7071067811865476	0.	0.	0.	0.	0.	0.	0.	0.	0.
0.	0.	0.	0.	0.	0.	0.	0.	0.	0.	0.	0.	0.	0.	0.9999999999999997	0.	0.	0.	0.	0.	0.	0.	0.	0.	-0.7071067811865479	0.	0.	0.	0.	0.	-4.996003610813203e-16	0.	0.
0.	-4.996003610813204e-16	0.	0.	0.	0.	-0.7071067811865471	0.	0.	0.	0.	0.	0.	0.	0.	0.9999999999999997	0.	0.	0.	0.	0.	0.	0.	0.	0.	0.	0.	0.	0.	0.	0.	0.	0.
0.	0.	0.	0.	0.	0.	0.	-0.7071067811865478	0.	0.	0.	0.	0.	0.	0.	0.	1.000000000000001	0.	0.	0.	0.	0.	0.	0.	0.	-0.7071067811865472	0.	0.	0.	0.	0.	0.	0.
0.	0.	0.	0.	0.	0.	0.	0.	0.	0.	0.	0.	0.	0.	0.	0.	0.	1.0000000000000007	0.	0.	0.	0.	0.	0.	0.	0.	-0.7071067811865478	0.	0.	0.	0.	8.881784197001256e-16	0.
0.	0.	-1.6653345369377348e-16	0.	0.	0.	0.	0.	-0.7071067811865478	0.	0.	0.	0.	0.	0.	0.	0.	0.	1.0000000000000002	0.	0.	0.	0.	0.	0.	0.	0.	0.	0.	0.	0.	0.	0.
0.	0.	0.	0.	0.	0.	0.	0.	0.	-0.7071067811865477	0.	0.	0.	0.	0.	0.	0.	0.	0.	0.9999999999999992	0.	0.	0.	0.	0.	0.	0.	-0.7071067811865479	0.	0.	0.	0.	0.
0.	0.	0.	0.	0.	0.	0.	0.	0.	0.	0.	0.	0.	0.	0.	0.	0.	0.	0.	0.	1.0000000000000007	0.	0.	0.	0.	0.	0.	0.	-0.7071067811865479	0.	0.	0.	1.887379141862767e-15
0.	0.	0.	1.1102230246251568e-16	0.	0.	0.	0.	0.	0.	-0.7071067811865477	0.	0.	0.	0.	0.	0.	0.	0.	0.	0.	1.0000000000000004	0.	0.	0.	0.	0.	0.	0.	0.	0.	0.	0.
0.	0.	0.	0.	0.	0.	0.	0.	0.	0.	0.	-0.7071067811865475	0.	0.	0.	0.	0.	0.	0.	0.	0.	0.	1.0000000000000004	0.	0.	0.	0.	0.	0.	-0.7071067811865475	0.	0.	0.
0.	0.	0.	0.	0.	-3.3306690738754706e-16	0.	0.	0.	0.	0.	0.	0.	0.7071067811865476	0.	0.	0.	0.	0.	0.	0.	0.	0.	1.0000000000000007	0.	0.	0.	0.	0.	0.	0.	0.	0.
0.	0.	0.	0.	0.	0.	0.	0.	0.	0.	0.	0.	0.	0.	-0.7071067811865479	0.	0.	0.	0.	0.	0.	0.	0.	0.	1.000000000000001	0.	0.	0.	0.	0.	-0.7071067811865474	0.	0.
0.	0.	0.	0.	0.	0.	0.	-6.661338147750938e-16	0.	0.	0.	0.	0.	0.	0.	0.	-0.7071067811865472	0.	0.	0.	0.	0.	0.	0.	0.	0.9999999999999993	0.	0.	0.	0.	0.	0.	0.
0.	0.	0.	0.	0.	0.	0.	0.	0.	0.	0.	0.	0.	0.	0.	0.	0.	-0.7071067811865478	0.	0.	0.	0.	0.	0.	0.	0.	0.9999999999999992	0.	0.	0.	0.	-0.7071067811865479	0.
0.	0.	0.	0.	0.	0.	0.	0.	0.	7.771561172376098e-16	0.	0.	0.	0.	0.	0.	0.	0.	0.	-0.7071067811865479	0.	0.	0.	0.	0.	0.	0.	1.0000000000000016	0.	0.	0.	0.	0.
0.	0.	0.	0.	0.	0.	0.	0.	0.	0.	0.	0.	0.	0.	0.	0.	0.	0.	0.	0.	-0.7071067811865479	0.	0.	0.	0.	0.	0.	0.	0.9999999999999979	0.	0.	0.	-0.7071067811865482
0.	0.	0.	0.	0.	0.	0.	0.	0.	0.	0.	-4.4408920985006257e-16	0.	0.	0.	0.	0.	0.	0.	0.	0.	0.	-0.7071067811865475	0.	0.	0.	0.	0.	0.	0.9999999999999996	0.	0.	0.
0.	0.	0.	0.	0.	0.	0.	0.	0.	0.	0.	0.	0.	0.	-4.996003610813204e-16	0.	0.	0.	0.	0.	0.	0.	0.	0.	-0.7071067811865474	0.	0.	0.	0.	0.	0.9999999999999998	0.	0.
0.	0.	0.	0.	0.	0.	0.	0.	0.	0.	0.	0.	0.	0.	0.	0.	0.	8.881784197001252e-16	0.	0.	0.	0.	0.	0.	0.	0.	-0.7071067811865479	0.	0.	0.	0.	1.0000000000000013	0.
0.	0.	0.	0.	0.	0.	0.	0.	0.	0.	0.	0.	0.	0.	0.	0.	0.	0.	0.	0.	1.887379141862767e-15	0.	0.	0.	0.	0.	0.	0.	-0.7071067811865482	0.	0.	0.	1.0000000000000029
0	3	0	3
1.	0.	0.	0.	0.	0.	0.	0.	0.	0.	0.
0.	1.	0.	0.	0.	0.	0.	0.	0.	0.	0.
0.	0.	1.	0.	0.	0.	0.	0.	0.	0.	0.
0.	0.	0.	1.	0.	0.	0.	0.	0.	0.	0.
0.	0.	0.	0.	1.	0.	0.	0.	0.	0.	0.
0.	0.	0.	0.	0.	1.	0.	0.	0.	0.	0.
0.	0.	0.	0.	0.	0.	1.	0.	0.	0.	0.
0.	0.	0.	0.	0.	0.	0.	1.	0.	0.	0.
0.	0.	0.	0.	0.	0.	0.	0.	1.	0.	0.
0.	0.	0.	0.	0.	0.	0.	0.	0.	1.	0.
0.	0.	0.	0.	0.	0.	0.	0.	0.	0.	1.
1	2	1	2
1.5	0.	0.	0.	-0.5	0.	0.	0.	0.	0.	0.	0.	0.	0.	0.	0.	0.	0.	0.	0.	0.	0.
0.	1.5	0.	0.	0.	0.	-0.5	0.	0.	0.	0.	0.	0.	0.	0.	0.	0.	0.	0.	0.	0.	0.
0.	0.	1.5	0.	0.	0.	0.	0.	-0.5	0.	0.	0.	0.	0.	0.	0.	0.	0.	0.	0.	0.	0.
0.	0.	0.	1.5	0.	0.	0.	0.	0.	0.	-0.5	0.	0.	0.	0.	0.	0.	0.	0.	0.	0.	0.
-0.5	0.	0.	0.	1.5	0.	0.	0.	0.	0.	0.	0.	0.	0.	0.	0.	0.	0.	0.	0.	0.	0.
0.	0.	0.	0.	0.	1.5	0.	0.	0.	0.	0.	0.	-0.5	0.	0.	0.	0.	0.	0.	0.	0.	0.
0.	-0.5	0.	0.	0.	0.	1.5	0.	0.	0.	0.	0.	0.	0.	0.	0.	0.	0.	0.	0.	0.	0.
0.	0.	0.	0.	0.	0.	0.	1.5	0.	0.	0.	0.	0.	0.	-0.5	0.	0.	0.	0.	0.	0.	0.
0.	0.	-0.5	0.	0.	0.	0.	0.	1.5	0.	0.	0.	0.	0.	0.	0.	0.	0.	0.	0.	0.	0.
0.	0.	0.	0.	0.	0.	0.	0.	0.	1.5	0.	0.	0.	0.	0.	0.	-0.5	0.	0.	0.	0.	0.
0.	0.	0.	-0.5	0.	0.	0.	0.	0.	0.	1.5	0.	0.	0.	0.	0.	0.	0.	0.	0.	0.	0.
0.	0.	0.	0.	0.	0.	0.	0.	0.	0.	0.	1.5	0.	0.	0.	0.	0.	0.	-0.5	0.	0.	0.
0.	0.	0.	0.	0.	-0.5	0.	0.	0.	0.	0.	0.	1.5	0.	0.	0.	0.	0.	0.	0.	0.	0.
0.	0.	0.	0.	0.	0.	0.	0.	0.	0.	0.	0.	0.	1.5	0.	0.	0.	0.	0.	-0.5	0.	0.
0.	0.	0.	0.	0.	0.	0.	-0.5	0.	0.	0.	0.	0.	0.	1.5	0.	0.	0.	0.	0.	0.	0.
0.	0.	0.	0.	0.	0.	0.	0.	0.	0.	0.	0.	0.	0.	0.	1.5	0.	0.	0.	0.	-0.5	0.
0.	0.	0.	0.	0.	0.	0.	0.	0.	-0.5	0.	0.	0.	0.	0.	0.	1.5	0.	0.	0.	0.	0.
0.	0.	0.	0.	0.	0.	0.	0.	0.	0.	0.	0.	0.	0.	0.	0.	0.	1.5	0.	0.	0.	-0.5
0.	0.	0.	0.	0.	0.	0.	0.	0.	0.	0.	-0.5	0.	0.	0.	0.	0.	0.	1.5	0.	0.	0.
0.	0.	0.	0.	0.	0.	0.	0.	0.	0.	0.	0.	0.	-0.5	0.	0.	0.	0.	0.	1.5	0.	0.
0.	0.	0.	0.	0.	0.	0.	0.	0.	0.	0.	0.	0.	0.	0.	-0.5	0.	0.	0.	0.	1.5	0.
0.	0.	0.	0.	0.	0.	0.	0.	0.	0.	0.	0.	0.	0.	0.	0.	0.	-0.5	0.	0.	0.	1.5
2	1	2	1
2.	0.	0.	0.	0.	0.	0.	0.	0.	0.	0.
0.	2.	0.	0.	0.	0.	0.	0.	0.	0.	0.
0.	0.	2.	0.	0.	0.	0.	0.	0.	0.	0.
0.	0.	0.	2.	0.	0.	0.	0.	0.	0.	0.
0.	0.	0.	0.	2.	0.	0.	0.	0.	0.	0.
0.	0.	0.	0.	0.	2.	0.	0.	0.	0.	0.
0.	0.	0.	0.	0.	0.	2.	0.	0.	0.	0.
0.	0.	0.	0.	0.	0.	0.	2.	0.	0.	0.
0.	0.	0.	0.	0.	0.	0.	0.	2.	0.	0.
0.	0.	0.	0.	0.	0.	0.	0.	0.	2.	0.
0.	0.	0.	0.	0.	0.	0.	0.	0.	0.	2.
sn_d^2
6
-2	1	-2	1
0.	0.	0.	0.	0.	0.	0.	0.	0.	0.	0.
0.	0.	0.	0.	0.	0.	0.	0.	0.	0.	0.
0.	0.	0.	0.	0.	0.	0.	0.	0.	0.	0.
0.	0.	0.	0.	0.	0.	0.	0.	0.	0.	0.
0.	0.	0.	0.	0.	0.	0.	0.	0.	0.	0.
0.	0.	0.	0.	0.	0.	0.	0.	0.	0.	0.
0.	0.	0.	0.	0.	0.	0.	0.	0.	0.	0.
0.	0.	0.	0.	0.	0.	0.	0.	0.	0.	0.
0.	0.	0.	0.	0.	0.	0.	0.	0.	0.	0.
0.	0.	0.	0.	0.	0.	0.	0.	0.	0.	0.
0.	0.	0.	0.	0.	0.	0.	0.	0.	0.	0.
-1	2	-1	2
0.5000000000000001	0.	0.	0.	0.5	0.	0.	0.	0.	0.	0.	0.	0.	0.	0.	0.	0.	0.	0.	0.	0.	0.
0.	0.5000000000000001	0.	0.	0.	0.	0.5	0.	0.	0.	0.	0.	0.	0.	0.	0.	0.	0.	0.	0.	0.	0.
0.	0.	0.5000000000000001	0.	0.	0.	0.	0.	0.5	0.	0.	0.	0.	0.	0.	0.	0.	0.	0.	0.	0.	0.
0.	0.	0.	0.5000000000000001	0.	0.	0.	0.	0.	0.	0.5	0.	0.	0.	0.	0.	0.	0.	0.	0.	0.	0.
0.5	0.	0.	0.	0.4999999999999999	0.	0.	0.	0.	0.	0.	0.	0.	0.	0.	0.	0.	0.	0.	0.	0.	0.
0.	0.	0.	0.	0.	0.5000000000000001	0.	0.	0.	0.	0.	0.	0.5	0.	0.	0.	0.	0.	0.	0.	0.	0.
0.	0.5	0.	0.	0.	0.	0.4999999999999999	0.	0.	0.	0.	0.	0.	0.	0.	0.	0.	0.	0.	0.	0.	0.
0.	0.	0.	0.	0.	0.	0.	0.5000000000000001	0.	0.	0.	0.	0.	0.	0.5	0.	0.	0.	0.	0.	0.	0.
0.	0.	0.5	0.	0.	0.	0.	0.	0.4999999999999999	0.	0.	0.	0.	0.	0.	0.	0.	0.	0.	0.	0.	0.
0.	0.	0.	0.	0.	0.	0.	0.	0.	0.5000000000000001	0.	0.	0.	0.	0.	0.	0.5	0.	0.	0.	0.	0.
0.	0.	0.	0.5	0.	0.	0.	0.	0.	0.	0.4999999999999999	0.	0.	0.	0.	0.	0.	0.	0.	0.	0.	0.
0.	0.	0.	0.	0.	0.	0.	0.	0.	0.	0.	0.5000000000000001	0.	0.	0.	0.	0.	0.	0.5	0.	0.	0.
0.	0.	0.	0.	0.	0.5	0.	0.	0.	0.	0.	0.	0.4999999999999999	0.	0.	0.	0.	0.	0.	0.	0.	0.
0.	0.	0.	0.	0.	0.	0.	0.	0.	0.	0.	0.	0.	0.5000000000000001	0.	0.	0.	0.	0.	0.5	0.	0.
0.	0.	0.	0.	0.	0.	0.	0.5	0.	0.	0.	0.	0.	0.	0.4999999999999999	0.	0.	0.	0.	0.	0.	0.
0.	0.	0.	0.	0.	0.	0.	0.	0.	0.	0.	0.	0.	0.	0.	0.5000000000000001	0.	0.	0.	0.	0.5	0.
0.	0.	0.	0.	0.	0.	0.	0.	0.	0.5	0.	0.	0.	0.	0.	0.	0.4999999999999999	0.	0.	0.	0.	0.
0.	0.	0.	0.	0.	0.	0.	0.	0.	0.	0.	0.	0.	0.	0.	0.	0.	0.5000000000000001	0.	0.	0.	0.5
0.	0.	0.	0.	0.	0.	0.	0.	0.	0.	0.	0.5	0.	0.	0.	0.	0.	0.	0.4999999999999999	0.	0.	0.
0.	0.	0.	0.	0.	0.	0.	0.	0.	0.	0.	0.	0.	0.5	0.	0.	0.	0.	0.	0.4999999999999999	0.	0.
0.	0.	0.	0.	0.	0.	0.	0.	0.	0.	0.	0.	0.	0.	0.	0.5	0.	0.	0.	0.	0.4999999999999999	0.
0.	0.	0.	0.	0.	0.	0.	0.	0.	0.	0.	0.	0.	0.	0.	0.	0.	0.5	0.	0.	0.	0.4999999999999999
0	1	0	1
1.5	0.	0.	0.	-1.4142135623730954	0.	0.	0.	0.	0.	0.	0.	0.49999999999999967	0.	0.	0.	0.	0.	0.	0.	0.	0.	0.	0.	0.	0.	0.	0.	0.	0.	0.	0.	0.
0.	1.5000000000000002	0.	0.	0.	0.	-1.4142135623730951	0.	0.	0.	0.	0.	0.	0.	0.	0.4999999999999992	0.	0.	0.	0.	0.	0.	0.	0.	0.	0.	0.	0.	0.	0.	0.	0.	0.
0.	0.	1.5	0.	0.	0.	0.	0.	-1.4142135623730958	0.	0.	0.	0.	0.	0.	0.	0.	0.	0.4999999999999998	0.	0.	0.	0.	0.	0.	0.	0.	0.	0.	0.	0.	0.	0.
0.	0.	0.	1.5000000000000004	0.	0.	0.	0.	0.	0.	-1.4142135623730954	0.	0.	0.	0.	0.	0.	0.	0.	0.	0.	0.5000000000000003	0.	0.	0.	0.	0.	0.	0.	0.	0.	0.	0.
-1.4142135623730954	0.	0.	0.	2.0000000000000004	0.	0.	0.	0.	0.	0.	0.	-1.4142135623730947	0.	0.	0.	0.	0.	0.	0.	0.	0.	0.	0.	0.	0.	0.	0.	0.	0.	0.	0.	0.
0.	0.	0.	0.	0.	1.500000000000001	0.	0.	0.	0.	0.	0.	0.	-1.4142135623730951	0.	0.	0.	0.	0.	0.	0.	0.	0.	-0.5000000000000008	0.	0.	0.	0.	0.	0.	0.	0.	0.
0.	-1.4142135623730951	0.	0.	0.	0.	2.0000000000000004	0.	0.	0.	0.	0.	0.	0.	0.	-1.4142135623730943	0.	0.	0.	0.	0.	0.	0.	0.	0.	0.	0.	0.	0.	0.	0.	0.	0.
0.	0.	0.	0.	0.	0.	0.	1.4999999999999996	0.	0.	0.	0.	0.	0.	0.	0.	-1.4142135623730956	0.	0.	0.	0.	0.	0.	0.	0.	0.4999999999999988	0.	0.	0.	0.	0.	0.	0.
0.	0.	-1.4142135623730958	0.	0.	0.	0.	0.	2.000000000000002	0.	0.	0.	0.	0.	0.	0.	0.	0.	-1.4142135623730956	0.	0.	0.	0.	0.	0.	0.	0.	0.	0.	0.	0.	0.	0.
0.	0.	0.	0.	0.	0.	0.	0.	0.	1.5000000000000004	0.	0.	0.	0.	0.	0.	0.	0.	0.	-1.4142135623730951	0.	0.	0.	0.	0.	0.	0.	0.5000000000000016	0.	0.	0.	0.	0.
0.	0.	0.	-1.4142135623730954	0.	0.	0.	0.	0.	0.	2.0000000000000004	0.	0.	0.	0.	0.	0.	0.	0.	0.	0.	-1.4142135623730954	0.	0.	0.	0.	0.	0.	0.	0.	0.	0.	0.
0.	0.	0.	0.	0.	0.	0.	0.	0.	0.	0.	1.4999999999999998	0.	0.	0.	0.	0.	0.	0.	0.	0.	0.	-1.414213562373095	0.	0.	0.	0.	0.	0.	0.4999999999999992	0.	0.	0.
0.49999999999999967	0.	0.	0.	-1.4142135623730947	0.	0.	0.	0.	0.	0.	0.	1.4999999999999998	0.	0.	0.	0.	0.	0.	0.	0.	0.	0.	0.	0.	0.	0.	0.	0.	0.	0.	0.	0.
0.	0.	0.	0.	0.	-1.4142135623730951	0.	0.	0.	0.	0.	0.	0.	1.9999999999999984	0.	0.	0.	0.	0.	0.	0.	0.	0.	1.4142135623730951	0.	0.	0.	0.	0.	0.	0.	0.	0.
0.	0.	0.	0.	0.	0.	0.	0.	0.	0.	0.	0.	0.	0.	1.4999999999999996	0.	0.	0.	0.	0.	0.	0.	0.	0.	-1.4142135623730956	0.	0.	0.	0.	0.	0.4999999999999991	0.	0.
0.	0.4999999999999992	0.	0.	0.	0.	-1.4142135623730943	0.	0.	0.	0.	0.	0.	0.	0.	1.4999999999999991	0.	0.	0.	0.	0.	0.	0.	0.	0.	0.	0.	0.	0.	0.	0.	0.	0.
0.	0.	0.	0.	0.	0.	0.	-1.4142135623730956	0.	0.	0.	0.	0.	0.	0.	0.	2.000000000000002	0.	0.	0.	0.	0.	0.	0.	0.	-1.4142135623730945	0.	0.	0.	0.	0.	0.	0.
0.	0.	0.	0.	0.	0.	0.	0.	0.	0.	0.	0.	0.	0.	0.	0.	0.	1.500000000000001	0.	0.	0.	0.	0.	0.	0.	0.	-1.4142135623730954	0.	0.	0.	0.	0.5000000000000018	0.
0.	0.	0.4999999999999998	0.	0.	0.	0.	0.	-1.4142135623730956	0.	0.	0.	0.	0.	0.	0.	0.	0.	1.5	0.	0.	0.	0.	0.	0.	0.	0.	0.	0.	0.	0.	0.	0.
0.	0.	0.	0.	0.	0.	0.	0.	0.	-1.4142135623730951	0.	0.	0.	0.	0.	0.	0.	0.	0.	1.9999999999999984	0.	0.	0.	0.	0.	0.	0.	-1.414213562373096	0.	0.	0.	0.	0.
0.	0.	0.	0.	0.	0.	0.	0.	0.	0.	0.	0.	0.	0.	0.	0.	0.	0.	0.	0.	1.5000000000000013	0.	0.	0.	0.	0.	0.	0.	-1.4142135623730951	0.	0.	0.	0.5000000000000037
0.	0.	0.	0.5000000000000003	0.	0.	0.	0.	0.	0.	-1.4142135623730954	0.	0.	0.	0.	0.	0.	0.	0.	0.	0.	1.5000000000000007	0.	0.	0.	0.	0.	0.	0.	0.	0.	0.	0.
0.	0.	0.	0.	0.	0.	0.	0.	0.	0.	0.	-1.414213562373095	0.	0.	0.	0.	0.	0.	0.	0.	0.	0.	2.000000000000001	0.	0.	0.	0.	0.	0.	-1.414213562373095	0.	0.	0.
0.	0.	0.	0.	0.	-0.5000000000000008	0.	0.	0.	0.	0.	0.	0.	1.4142135623730951	0.	0.	0.	0.	0.	0.	0.	0.	0.	1.500000000000001	0.	0.	0.	0.	0.	0.	0.	0.	0.
0.	0.	0.	0.	0.	0.	0.	0.	0.	0.	0.	0.	0.	0.	-1.4142135623730956	0.	0.	0.	0.	0.	0.	0.	0.	0.	2.000000000000002	0.	0.	0.	0.	0.	-1.414213562373095	0.	0.
0.	0.	0.	0.	0.	0.	0.	0.4999999999999988	0.	0.	0.	0.	0.	0.	0.	0.	-1.4142135623730945	0.	0.	0.	0.	0.	0.	0.	0.	1.4999999999999984	0.	0.	0.	0.	0.	0.	0.
0.	0.	0.	0.	0.	0.	0.	0.	0.	0.	0.	0.	0.	0.	0.	0.	0.	-1.4142135623730954	0.	0.	0.	0.	0.	0.	0.	0.	1.9999999999999984	0.	0.	0.	0.	-1.414213562373096	0.
0.	0.	0.	0.	0.	0.	0.	0.	0.	0.5000000000000016	0.	0.	0.	0.	0.	0.	0.	0.	0.	-1.414213562373096	0.	0.	0.	0.	0.	0.	0.	1.5000000000000029	0.	0.	0.	0.	0.
0.	0.	0.	0.	0.	0.	0.	0.	0.	0.	0.	0.	0.	0.	0.	0.	0.	0.	0.	0.	-1.4142135623730951	0.	0.	0.	0.	0.	0.	0.	1.9999999999999958	0.	0.	0.	-1.4142135623730971
0.	0.	0.	0.	0.	0.	0.	0.	0.	0.	0.	0.4999999999999992	0.	0.	0.	0.	0.	0.	0.	0.	0.	0.	-1.414213562373095	0.	0.	0.	0.	0.	0.	1.4999999999999993	0.	0.	0.
0.	0.	0.	0.	0.	0.	0.	0.	0.	0.	0.	0.	0.	0.	0.4999999999999991	0.	0.	0.	0.	0.	0.	0.	0.	0.	-1.4142135623730947	0.	0.	0.	0.	0.	1.4999999999999991	0.	0.
0.	0.	0.	0.	0.	0.	0.	0.	0.	0.	0.	0.	0.	0.	0.	0.	0.	0.5000000000000018	0.	0.	0.	0.	0.	0.	0.	0.	-1.414213562373096	0.	0.	0.	0.	1.5000000000000027	0.
0.	0.	0.	0.	0.	0.	0.	0.	0.	0.	0.	0.	0.	0.	0.	0.	0.	0.	0.	0.	0.5000000000000037	0.	0.	0.	0.	0.	0.	0.	-1.4142135623730971	0.	0.	0.	1.5000000000000058
0	3	0	3
1.	0.	0.	0.	0.	0.	0.	0.	0.	0.	0.
0.	1.	0.	0.	0.	0.	0.	0.	0.	0.	0.
0.	0.	1.	0.	0.	0.	0.	0.	0.	0.	0.
0.	0.	0.	1.	0.	0.	0.	0.	0.	0.	0.
0.	0.	0.	0.	1.	0.	0.	0.	0.	0.	0.
0.	0.	0.	0.	0.	1.	0.	0.	0.	0.	0.
0.	0.	0.	0.	0.	0.	1.	0.	0.	0.	0.
0.	0.	0.	0.	0.	0.	0.	1.	0.	0.	0.
0.	0.	0.	0.	0.	0.	0.	0.	1.	0.	0.
0.	0.	0.	0.	0.	0.	0.	0.	0.	1.	0.
0.	0.	0.	0.	0.	0.	0.	0.	0.	0.	1.
1	2	1	2
2.5	0.	0.	0.	-1.5	0.	0.	0.	0.	0.	0.	0.	0.	0.	0.	0.	0.	0.	0.	0.	0.	0.
0.	2.5	0.	0.	0.	0.	-1.5	0.	0.	0.	0.	0.	0.	0.	0.	0.	0.	0.	0.	0.	0.	0.
0.	0.	2.5	0.	0.	0.	0.	0.	-1.5	0.	0.	0.	0.	0.	0.	0.	0.	0.	0.	0.	0.	0.
0.	0.	0.	2.5	0.	0.	0.	0.	0.	0.	-1.5	0.	0.	0.	0.	0.	0.	0.	0.	0.	0.	0.
-1.5	0.	0.	0.	2.4999999999999996	0.	0.	0.	0.	0.	0.	0.	0.	0.	0.	0.	0.	0.	0.	0.	0.	0.
0.	0.	0.	0.	0.	2.5	0.	0.	0.	0.	0.	0.	-1.5	0.	0.	0.	0.	0.	0.	0.	0.	0.
0.	-1.5	0.	0.	0.	0.	2.4999999999999996	0.	0.	0.	0.	0.	0.	0.	0.	0.	0.	0.	0.	0.	0.	0.
0.	0.	0.	0.	0.	0.	0.	2.5	0.	0.	0.	0.	0.	0.	-1.5	0.	0.	0.	0.	0.	0.	0.
0.	0.	-1.5	0.	0.	0.	0.	0.	2.4999999999999996	0.	0.	0.	0.	0.	0.	0.	0.	0.	0.	0.	0.	0.
0.	0.	0.	0.	0.	0.	0.	0.	0.	2.5	0.	0.	0.	0.	0.	0.	-1.5	0.	0.	0.	0.	0.
0.	0.	0.	-1.5	0.	0.	0.	0.	0.	0.	2.4999999999999996	0.	0.	0.	0.	0.	0.	0.	0.	0.	0.	0.
0.	0.	0.	0.	0.	0.	0.	0.	0.	0.	0.	2.5	0.	0.	0.	0.	0.	0.	-1.5	0.	0.	0.
0.	0.	0.	0.	0.	-1.5	0.	0.	0.	0.	0.	0.	2.4999999999999996	0.	0.	0.	0.	0.	0.	0.	0.	0.
0.	0.	0.	0.	0.	0.	0.	0.	0.	0.	0.	0.	0.	2.5	0.	0.	0.	0.	0.	-1.5	0.	0.
0.	0.	0.	0.	0.	0.	0.	-1.5	0.	0.	0.	0.	0.	0.	2.4999999999999996	0.	0.	0.	0.	0.	0.	0.
0.	0.	0.	0.	0.	0.	0.	0.	0.	0.	0.	0.	0.	0.	0.	2.5	0.	0.	0.	0.	-1.5	0.
0.	0.	0.	0.	0.	0.	0.	0.	0.	-1.5	0.	0.	0.	0.	0.	0.	2.4999999999999996	0.	0.	0.	0.	0.
0.	0.	0.	0.	0.	0.	0.	0.	0.	0.	0.	0.	0.	0.	0.	0.	0.	2.5	0.	0.	0.	-1.5
0.	0.	0.	0.	0.	0.	0.	0.	0.	0.	0.	-1.5	0.	0.	0.	0.	0.	0.	2.4999999999999996	0.	0.	0.
0.	0.	0.	0.	0.	0.	0.	0.	0.	0.	0.	0.	0.	-1.5	0.	0.	0.	0.	0.	2.4999999999999996	0.	0.
0.	0.	0.	0.	0.	0.	0.	0.	0.	0.	0.	0.	0.	0.	0.	-1.5	0.	0.	0.	0.	2.4999999999999996	0.
0.	0.	0.	0.	0.	0.	0.	0.	0.	0.	0.	0.	0.	0.	0.	0.	0.	-1.5	0.	0.	0.	2.4999999999999996
2	1	2	1
4.	0.	0.	0.	0.	0.	0.	0.	0.	0.	0.
0.	4.	0.	0.	0.	0.	0.	0.	0.	0.	0.
0.	0.	4.	0.	0.	0.	0.	0.	0.	0.	0.
0.	0.	0.	4.	0.	0.	0.	0.	0.	0.	0.
0.	0.	0.	0.	4.	0.	0.	0.	0.	0.	0.
0.	0.	0.	0.	0.	4.	0.	0.	0.	0.	0.
0.	0.	0.	0.	0.	0.	4.	0.	0.	0.	0.
0.	0.	0.	0.	0.	0.	0.	4.	0.	0.	0.
0.	0.	0.	0.	0.	0.	0.	0.	4.	0.	0.
0.	0.	0.	0.	0.	0.	0.	0.	0.	4.	0.
0.	0.	0.	0.	0.	0.	0.	0.	0.	0.	4.
dA_d
6
2	1	1	2
1.	0.	0.	0.	1.0000000000000002	0.	0.	0.	0.	0.	0.	0.	0.	0.	0.	0.	0.	0.	0.	0.	0.	0.
0.	1.	0.	0.	0.	0.	1.0000000000000002	0.	0.	0.	0.	0.	0.	0.	0.	0.	0.	0.	0.	0.	0.	0.
0.	0.	1.	0.	0.	0.	0.	0.	1.0000000000000002	0.	0.	0.	0.	0.	0.	0.	0.	0.	0.	0.	0.	0.
0.	0.	0.	1.	0.	0.	0.	0.	0.	0.	1.0000000000000002	0.	0.	0.	0.	0.	0.	0.	0.	0.	0.	0.
0.	0.	0.	0.	0.	1.	0.	0.	0.	0.	0.	0.	1.0000000000000002	0.	0.	0.	0.	0.	0.	0.	0.	0.
0.	0.	0.	0.	0.	0.	0.	1.	0.	0.	0.	0.	0.	0.	1.0000000000000002	0.	0.	0.	0.	0.	0.	0.
0.	0.	0.	0.	0.	0.	0.	0.	0.	1.	0.	0.	0.	0.	0.	0.	1.0000000000000002	0.	0.	0.	0.	0.
0.	0.	0.	0.	0.	0.	0.	0.	0.	0.	0.	1.	0.	0.	0.	0.	0.	0.	1.0000000000000002	0.	0.	0.
0.	0.	0.	0.	0.	0.	0.	0.	0.	0.	0.	0.	0.	1.	0.	0.	0.	0.	0.	1.0000000000000002	0.	0.
0.	0.	0.	0.	0.	0.	0.	0.	0.	0.	0.	0.	0.	0.	0.	1.	0.	0.	0.	0.	1.0000000000000002	0.
0.	0.	0.	0.	0.	0.	0.	0.	0.	0.	0.	0.	0.	0.	0.	0.	0.	1.	0.	0.	0.	1.0000000000000002
1	2	0	3
-0.8660254037844386	0.	0.	0.	0.	0.	0.	0.	0.	0.	0.
0.	-0.8660254037844386	0.	0.	0.	0.	0.	0.	0.	0.	0.
0.	0.	-0.8660254037844386	0.	0.	0.	0.	0.	0.	0.	0.
0.	0.	0.	-0.8660254037844386	0.	0.	0.	0.	0.	0.	0.
0.8660254037844385	0.	0.	0.	0.	0.	0.	0.	0.	0.	0.
0.	0.	0.	0.	-0.8660254037844386	0.	0.	0.	0.	0.	0.
0.	0.8660254037844385	0.	0.	0.	0.	0.	0.	0.	0.	0.
0.	0.	0.	0.	0.	-0.8660254037844386	0.	0.	0.	0.	0.
0.	0.	0.8660254037844385	0.	0.	0.	0.	0.	0.	0.	0.
0.	0.	0.	0.	0.	0.	-0.8660254037844386	0.	0.	0.	0.
0.	0.	0.	0.8660254037844385	0.	0.	0.	0.	0.	0.	0.
0.	0.	0.	0.	0.	0.	0.	-0.8660254037844386	0.	0.	0.
0.	0.	0.	0.	0.8660254037844385	0.	0.	0.	0.	0.	0.
0.	0.	0.	0.	0.	0.	0.	0.	-0.8660254037844386	0.	0.
0.	0.	0.	0.	0.	0.8660254037844385	0.	0.	0.	0.	0.
0.	0.	0.	0.	0.	0.	0.	0.	0.	-0.8660254037844386	0.
0.	0.	0.	0.	0.	0.	0.8660254037844385	0.	0.	0.	0.
0.	0.	0.	0.	0.	0.	0.	0.	0.	0.	-0.8660254037844386
0.	0.	0.	0.	0.	0.	0.	0.8660254037844385	0.	0.	0.
0.	0.	0.	0.	0.	0.	0.	0.	0.8660254037844385	0.	0.
0.	0.	0.	0.	0.	0.	0.	0.	0.	0.8660254037844385	0.
0.	0.	0.	0.	0.	0.	0.	0.	0.	0.	0.8660254037844385
1	2	0	1
0.7071067811865475	0.	0.	0.	0.4999999999999997	0.	0.	0.	0.	0.	0.	0.	-1.1102230246251565e-16	0.	0.	0.	0.	0.	0.	0.	0.	0.	0.	0.	0.	0.	0.	0.	0.	0.	0.	0.	0.
0.	0.7071067811865476	0.	0.	0.	0.	0.4999999999999999	0.	0.	0.	0.	0.	0.	0.	0.	-1.1102230246251565e-16	0.	0.	0.	0.	0.	0.	0.	0.	0.	0.	0.	0.	0.	0.	0.	0.	0.
0.	0.	0.7071067811865475	0.	0.	0.	0.	0.	0.4999999999999998	0.	0.	0.	0.	0.	0.	0.	0.	0.	-1.6653345369377348e-16	0.	0.	0.	0.	0.	0.	0.	0.	0.	0.	0.	0.	0.	0.
0.	0.	0.	0.7071067811865475	0.	0.	0.	0.	0.	0.	0.5	0.	0.	0.	0.	0.	0.	0.	0.	0.	0.	-3.3306690738754696e-16	0.	0.	0.	0.	0.	0.	0.	0.	0.	0.	0.
7.850462293418875e-17	0.	0.	0.	0.5	0.	0.	0.	0.	0.	0.	0.	0.7071067811865476	0.	0.	0.	0.	0.	0.	0.	0.	0.	0.	0.	0.	0.	0.	0.	0.	0.	0.	0.	0.
0.	0.	0.	0.	0.	0.7071067811865475	0.	0.	0.	0.	0.	0.	0.	0.5000000000000003	0.	0.	0.	0.	0.	0.	0.	0.	0.	3.3306690738754696e-16	0.	0.	0.	0.	0.	0.	0.	0.	0.
0.	2.2993471702930944e-17	0.	0.	0.	0.	0.5	0.	0.	0.	0.	0.	0.	0.	0.	0.7071067811865476	0.	0.	0.	0.	0.	0.	0.	0.	0.	0.	0.	0.	0.	0.	0.	0.	0.
0.	0.	0.	0.	0.	0.	0.	0.7071067811865477	0.	0.	0.	0.	0.	0.	0.	0.	0.4999999999999998	0.	0.	0.	0.	0.	0.	0.	0.	5.551115123125783e-17	0.	0.	0.	0.	0.	0.	0.
0.	0.	7.850462293418875e-17	0.	0.	0.	0.	0.	0.49999999999999983	0.	0.	0.	0.	0.	0.	0.	0.	0.	0.7071067811865475	0.	0.	0.	0.	0.	0.	0.	0.	0.	0.	0.	0.	0.	0.
0.	0.	0.	0.	0.	0.	0.	0.	0.	0.7071067811865475	0.	0.	0.	0.	0.	0.	0.	0.	0.	0.5	0.	0.	0.	0.	0.	0.	0.	-4.996003610813204e-16	0.	0.	0.	0.	0.
0.	0.	0.	7.850462293418875e-17	0.	0.	0.	0.	0.	0.	0.5000000000000001	0.	0.	0.	0.	0.	0.	0.	0.	0.	0.	0.7071067811865474	0.	0.	0.	0.	0.	0.	0.	0.	0.	0.	0.
0.	0.	0.	0.	0.	0.	0.	0.	0.	0.	0.	0.7071067811865476	0.	0.	0.	0.	0.	0.	0.	0.	0.	0.	0.49999999999999983	0.	0.	0.	0.	0.	0.	3.3306690738754696e-16	0.	0.	0.
0.	0.	0.	0.	0.	2.299347170293093e-17	0.	0.	0.	0.	0.	0.	0.	0.5000000000000003	0.	0.	0.	0.	0.	0.	0.	0.	0.	-0.7071067811865474	0.	0.	0.	0.	0.	0.	0.	0.	0.
0.	0.	0.	0.	0.	0.	0.	0.	0.	0.	0.	0.	0.	0.	0.7071067811865477	0.	0.	0.	0.	0.	0.	0.	0.	0.	0.4999999999999998	0.	0.	0.	0.	0.	-1.1102230246251565e-16	0.	0.
0.	0.	0.	0.	0.	0.	0.	3.0054922785922005e-16	0.	0.	0.	0.	0.	0.	0.	0.	0.49999999999999983	0.	0.	0.	0.	0.	0.	0.	0.	0.7071067811865477	0.	0.	0.	0.	0.	0.	0.
0.	0.	0.	0.	0.	0.	0.	0.	0.	0.	0.	0.	0.	0.	0.	0.	0.	0.7071067811865475	0.	0.	0.	0.	0.	0.	0.	0.	0.5	0.	0.	0.	0.	-2.220446049250313e-16	0.
0.	0.	0.	0.	0.	0.	0.	0.	0.	1.3401577416544657e-16	0.	0.	0.	0.	0.	0.	0.	0.	0.	0.5000000000000006	0.	0.	0.	0.	0.	0.	0.	0.707106781186547	0.	0.	0.	0.	0.
0.	0.	0.	0.	0.	0.	0.	0.	0.	0.	0.	0.	0.	0.	0.	0.	0.	0.	0.	0.	0.7071067811865474	0.	0.	0.	0.	0.	0.	0.	0.5000000000000001	0.	0.	0.	-9.992007221626409e-16
0.	0.	0.	0.	0.	0.	0.	0.	0.	0.	0.	-8.80288307595847e-17	0.	0.	0.	0.	0.	0.	0.	0.	0.	0.	0.4999999999999999	0.	0.	0.	0.	0.	0.	0.7071067811865478	0.	0.	0.
0.	0.	0.	0.	0.	0.	0.	0.	0.	0.	0.	0.	0.	0.	3.0054922785922005e-16	0.	0.	0.	0.	0.	0.	0.	0.	0.	0.49999999999999994	0.	0.	0.	0.	0.	0.7071067811865477	0.	0.
0.	0.	0.	0.	0.	0.	0.	0.	0.	0.	0.	0.	0.	0.	0.	0.	0.	2.299347170293093e-17	0.	0.	0.	0.	0.	0.	0.	0.	0.5000000000000006	0.	0.	0.	0.	0.7071067811865472	0.
0.	0.	0.	0.	0.	0.	0.	0.	0.	0.	0.	0.	0.	0.	0.	0.	0.	0.	0.	0.	2.299347170293092e-17	0.	0.	0.	0.	0.	0.	0.	0.5000000000000011	0.	0.	0.	0.7071067811865465
0	3	-1	2
0.7071067811865475	0.	0.	0.	-0.7071067811865476	0.	0.	0.	0.	0.	0.	0.	0.	0.	0.	0.	0.	0.	0.	0.	0.	0.
0.	0.7071067811865475	0.	0.	0.	0.	-0.7071067811865476	0.	0.	0.	0.	0.	0.	0.	0.	0.	0.	0.	0.	0.	0.	0.
0.	0.	0.7071067811865475	0.	0.	0.	0.	0.	-0.7071067811865476	0.	0.	0.	0.	0.	0.	0.	0.	0.	0.	0.	0.	0.
0.	0.	0.	0.7071067811865475	0.	0.	0.	0.	0.	0.	-0.7071067811865476	0.	0.	0.	0.	0.	0.	0.	0.	0.	0.	0.
0.	0.	0.	0.	0.	0.7071067811865475	0.	0.	0.	0.	0.	0.	-0.7071067811865476	0.	0.	0.	0.	0.	0.	0.	0.	0.
0.	0.	0.	0.	0.	0.	0.	0.7071067811865475	0.	0.	0.	0.	0.	0.	-0.7071067811865476	0.	0.	0.	0.	0.	0.	0.
0.	0.	0.	0.	0.	0.	0.	0.	0.	0.7071067811865475	0.	0.	0.	0.	0.	0.	-0.7071067811865476	0.	0.	0.	0.	0.
0.	0.	0.	0.	0.	0.	0.	0.	0.	0.	0.	0.7071067811865475	0.	0.	0.	0.	0.	0.	-0.7071067811865476	0.	0.	0.
0.	0.	0.	0.	0.	0.	0.	0.	0.	0.	0.	0.	0.	0.7071067811865475	0.	0.	0.	0.	0.	-0.7071067811865476	0.	0.
0.	0.	0.	0.	0.	0.	0.	0.	0.	0.	0.	0.	0.	0.	0.	0.7071067811865475	0.	0.	0.	0.	-0.7071067811865476	0.
0.	0.	0.	0.	0.	0.	0.	0.	0.	0.	0.	0.	0.	0.	0.	0.	0.	0.7071067811865475	0.	0.	0.	-0.7071067811865476
0	1	-1	2
1.	0.	0.	0.	-1.0146536357569526e-17	0.	0.	0.	0.	0.	0.	0.	0.	0.	0.	0.	0.	0.	0.	0.	0.	0.
0.	1.0000000000000002	0.	0.	0.	0.	-1.2116883882008518e-16	0.	0.	0.	0.	0.	0.	0.	0.	0.	0.	0.	0.	0.	0.	0.
0.	0.	1.	0.	0.	0.	0.	0.	-1.0146536357569526e-17	0.	0.	0.	0.	0.	0.	0.	0.	0.	0.	0.	0.	0.
0.	0.	0.	1.	0.	0.	0.	0.	0.	0.	6.835808657661922e-17	0.	0.	0.	0.	0.	0.	0.	0.	0.	0.	0.
-0.7071067811865479	0.	0.	0.	-0.7071067811865475	0.	0.	0.	0.	0.	0.	0.	0.	0.	0.	0.	0.	0.	0.	0.	0.	0.
0.	0.	0.	0.	0.	1.0000000000000002	0.	0.	0.	0.	0.	0.	1.1434502998248106e-16	0.	0.	0.	0.	0.	0.	0.	0.	0.
0.	-0.7071067811865478	0.	0.	0.	0.	-0.7071067811865476	0.	0.	0.	0.	0.	0.	0.	0.	0.	0.	0.	0.	0.	0.	0.
0.	0.	0.	0.	0.	0.	0.	0.9999999999999999	0.	0.	0.	0.	0.	0.	-8.865115929175827e-17	0.	0.	0.	0.	0.	0.	0.
0.	0.	-0.707106781186548	0.	0.	0.	0.	0.	-0.7071067811865479	0.	0.	0.	0.	0.	0.	0.	0.	0.	0.	0.	0.	0.
0.	0.	0.	0.	0.	0.	0.	0.	0.	1.	0.	0.	0.	0.	0.	0.	6.835808657661922e-17	0.	0.	0.	0.	0.
0.	0.	0.	-0.7071067811865478	0.	0.	0.	0.	0.	0.	-0.7071067811865476	0.	0.	0.	0.	0.	0.	0.	0.	0.	0.	0.
0.	0.	0.	0.	0.	0.	0.	0.	0.	0.	0.	1.	0.	0.	0.	0.	0.	0.	-3.8920038715097833e-16	0.	0.	0.
-1.2116883882008518e-16	0.	0.	0.	1.	0.	0.	0.	0.	0.	0.	0.	0.	0.	0.	0.	0.	0.	0.	0.	0.	0.
0.	0.	0.	0.	0.	-0.7071067811865472	0.	0.	0.	0.	0.	0.	-0.7071067811865472	0.	0.	0.	0.	0.	0.	0.	0.	0.
0.	0.	0.	0.	0.	0.	0.	0.	0.	0.	0.	0.	0.	0.9999999999999999	0.	0.	0.	0.	0.	-8.865115929175827e-17	0.	0.
0.	-3.5668270762265147e-16	0.	0.	0.	0.	0.9999999999999998	0.	0.	0.	0.	0.	0.	0.	0.	0.	0.	0.	0.	0.	0.	0.
0.	0.	0.	0.	0.	0.	0.	-0.7071067811865481	0.	0.	0.	0.	0.	0.	-0.7071067811865479	0.	0.	0.	0.	0.	0.	0.
0.	0.	0.	0.	0.	0.	0.	0.	0.	0.	0.	0.	0.	0.	0.	1.0000000000000002	0.	0.	0.	0.	1.1434502998248106e-16	0.
0.	0.	-1.2116883882008518e-16	0.	0.	0.	0.	0.	1.	0.	0.	0.	0.	0.	0.	0.	0.	0.	0.	0.	0.	0.
0.	0.	0.	0.	0.	0.	0.	0.	0.	-0.7071067811865476	0.	0.	0.	0.	0.	0.	-0.707106781186547	0.	0.	0.	0.	0.
0.	0.	0.	0.	0.	0.	0.	0.	0.	0.	0.	0.	0.	0.	0.	0.	0.	1.0000000000000002	0.	0.	0.	3.0387195537918546e-16
0.	0.	0.	3.5840407048292336e-17	0.	0.	0.	0.	0.	0.	1.0000000000000002	0.	0.	0.	0.	0.	0.	0.	0.	0.	0.	0.
0.	0.	0.	0.	0.	0.	0.	0.	0.	0.	0.	-0.7071067811865477	0.	0.	0.	0.	0.	0.	-0.7071067811865476	0.	0.	0.
0.	0.	0.	0.	0.	-1.9284965291666985e-16	0.	0.	0.	0.	0.	0.	-1.0000000000000004	0.	0.	0.	0.	0.	0.	0.	0.	0.
0.	0.	0.	0.	0.	0.	0.	0.	0.	0.	0.	0.	0.	-0.7071067811865481	0.	0.	0.	0.	0.	-0.7071067811865478	0.	0.
0.	0.	0.	0.	0.	0.	0.	-5.13691953491029e-16	0.	0.	0.	0.	0.	0.	0.9999999999999997	0.	0.	0.	0.	0.	0.	0.
0.	0.	0.	0.	0.	0.	0.	0.	0.	0.	0.	0.	0.	0.	0.	-0.7071067811865476	0.	0.	0.	0.	-0.7071067811865469	0.
0.	0.	0.	0.	0.	0.	0.	0.	0.	6.963950700501293e-16	0.	0.	0.	0.	0.	0.	1.0000000000000007	0.	0.	0.	0.	0.
0.	0.	0.	0.	0.	0.	0.	0.	0.	0.	0.	0.	0.	0.	0.	0.	0.	-0.7071067811865475	0.	0.	0.	-0.7071067811865461
0.	0.	0.	0.	0.	0.	0.	0.	0.	0.	0.	2.237114317075737e-17	0.	0.	0.	0.	0.	0.	0.9999999999999998	0.	0.	0.
0.	0.	0.	0.	0.	0.	0.	0.	0.	0.	0.	0.	0.	-3.3306690738754696e-16	0.	0.	0.	0.	0.	0.9999999999999999	0.	0.
0.	0.	0.	0.	0.	0.	0.	0.	0.	0.	0.	0.	0.	0.	0.	7.771561172376096e-16	0.	0.	0.	0.	1.0000000000000007	0.
0.	0.	0.	0.	0.	0.	0.	0.	0.	0.	0.	0.	0.	0.	0.	0.	0.	1.5543122344752192e-15	0.	0.	0.	1.0000000000000013
-1	2	-2	1
0.7071067811865476	0.	0.	0.	0.	0.	0.	0.	0.	0.	0.
0.	0.7071067811865476	0.	0.	0.	0.	0.	0.	0.	0.	0.
0.	0.	0.7071067811865476	0.	0.	0.	0.	0.	0.	0.	0.
0.	0.	0.	0.7071067811865476	0.	0.	0.	0.	0.	0.	0.
0.7071067811865475	0.	0.	0.	0.	0.	0.	0.	0.	0.	0.
0.	0.	0.	0.	0.7071067811865476	0.	0.	0.	0.	0.	0.
0.	0.7071067811865475	0.	0.	0.	0.	0.	0.	0.	0.	0.
0.	0.	0.	0.	0.	0.7071067811865476	0.	0.	0.	0.	0.
0.	0.	0.7071067811865475	0.	0.	0.	0.	0.	0.	0.	0.
0.	0.	0.	0.	0.	0.	0.7071067811865476	0.	0.	0.	0.
0.	0.	0.	0.7071067811865475	0.	0.	0.	0.	0.	0.	0.
0.	0.	0.	0.	0.	0.	0.	0.7071067811865476	0.	0.	0.
0.	0.	0.	0.	0.7071067811865475	0.	0.	0.	0.	0.	0.
0.	0.	0.	0.	0.	0.	0.	0.	0.7071067811865476	0.	0.
0.	0.	0.	0.	0.	0.7071067811865475	0.	0.	0.	0.	0.
0.	0.	0.	0.	0.	0.	0.	0.	0.	0.7071067811865476	0.
0.	0.	0.	0.	0.	0.	0.7071067811865475	0.	0.	0.	0.
0.	0.	0.	0.	0.	0.	0.	0.	0.	0.	0.7071067811865476
0.	0.	0.	0.	0.	0.	0.	0.7071067811865475	0.	0.	0.
0.	0.	0.	0.	0.	0.	0.	0.	0.7071067811865475	0.	0.
0.	0.	0.	0.	0.	0.	0.	0.	0.	0.7071067811865475	0.
0.	0.	0.	0.	0.	0.	0.	0.	0.	0.	0.7071067811865475
sacr
6
-2	1	-2	1
0.	0.	0.	0.	0.	0.	0.	0.	0.	0.	0.
1.	0.	0.	0.	0.	0.	0.	0.	0.	0.	0.
0.	1.4142135623730951	0.	0.	0.	0.	0.	0.	0.	0.	0.
0.	0.	1.7320508075688772	0.	0.	0.	0.	0.	0.	0.	0.
0.	0.	0.	2.	0.	0.	0.	0.	0.	0.	0.
0.	0.	0.	0.	2.23606797749979	0.	0.	0.	0.	0.	0.
0.	0.	0.	0.	0.	2.449489742783178	0.	0.	0.	0.	0.
0.	0.	0.	0.	0.	0.	2.6457513110645907	0.	0.	0.	0.
0.	0.	0.	0.	0.	0.	0.	2.8284271247461903	0.	0.	0.
0.	0.	0.	0.	0.	0.	0.	0.	3.	0.	0.
0.	0.	0.	0.	0.	0.	0.	0.	0.	3.1622776601683795	0.
-1	2	-1	2
0.	0.	0.	0.	0.	0.	0.	0.	0.	0.	0.	0.	0.	0.	0.	0.	0.	0.	0.	0.	0.	0.
1.	0.	0.	0.	-1.0146536357569526e-17	0.	0.	0.	0.	0.	0.	0.	0.	0.	0.	0.	0.	0.	0.	0.	0.	0.
0.	1.4142135623730951	0.	0.	0.	0.	4.598694340586184e-17	0.	0.	0.	0.	0.	0.	0.	0.	0.	0.	0.	0.	0.	0.	0.
0.	0.	1.7320508075688772	0.	0.	0.	0.	0.	5.373833866861023e-17	0.	0.	0.	0.	0.	0.	0.	0.	0.	0.	0.	0.	0.
0.	0.	0.	0.	0.	0.	0.	0.	0.	0.	0.	0.	0.	0.	0.	0.	0.	0.	0.	0.	0.	0.
0.	0.	0.	2.	0.	0.	0.	0.	0.	0.	-2.0293072715139053e-17	0.	0.	0.	0.	0.	0.	0.	0.	0.	0.	0.
-1.0146536357569526e-17	0.	0.	0.	1.	0.	0.	0.	0.	0.	0.	0.	0.	0.	0.	0.	0.	0.	0.	0.	0.	0.
0.	0.	0.	0.	0.	2.23606797749979	0.	0.	0.	0.	0.	0.	-8.59823569820384e-17	0.	0.	0.	0.	0.	0.	0.	0.	0.
0.	0.	0.	0.	0.	0.	1.4142135623730951	0.	0.	0.	0.	0.	0.	0.	0.	0.	0.	0.	0.	0.	0.	0.
0.	0.	0.	0.	0.	0.	0.	2.449489742783178	0.	0.	0.	0.	0.	0.	-7.110298781051534e-17	0.	0.	0.	0.	0.	0.	0.
0.	0.	3.270308835128456e-17	0.	0.	0.	0.	0.	1.7320508075688774	0.	0.	0.	0.	0.	0.	0.	0.	0.	0.	0.	0.	0.
0.	0.	0.	0.	0.	0.	0.	0.	0.	2.6457513110645907	0.	0.	0.	0.	0.	0.	-4.2930617804156935e-17	0.	0.	0.	0.	0.
0.	0.	0.	-2.0293072715139053e-17	0.	0.	0.	0.	0.	0.	2.	0.	0.	0.	0.	0.	0.	0.	0.	0.	0.	0.
0.	0.	0.	0.	0.	0.	0.	0.	0.	0.	0.	2.8284271247461903	0.	0.	0.	0.	0.	0.	9.197388681172368e-17	0.	0.	0.
0.	0.	0.	0.	0.	-6.744992942158086e-17	0.	0.	0.	0.	0.	0.	2.2360679774997894	0.	0.	0.	0.	0.	0.	0.	0.	0.
0.	0.	0.	0.	0.	0.	0.	0.	0.	0.	0.	0.	0.	3.	0.	0.	0.	0.	0.	4.806501386148017e-17	0.	0.
0.	0.	0.	0.	0.	0.	0.	-3.5815965040536475e-17	0.	0.	0.	0.	0.	0.	2.449489742783178	0.	0.	0.	0.	0.	0.	0.
0.	0.	0.	0.	0.	0.	0.	0.	0.	0.	0.	0.	0.	0.	0.	3.1622776601683795	0.	0.	0.	0.	-1.5874216520755196e-16	0.
0.	0.	0.	0.	0.	0.	0.	0.	0.	7.76384538022679e-18	0.	0.	0.	0.	0.	0.	2.6457513110645907	0.	0.	0.	0.	0.
0.	0.	0.	0.	0.	0.	0.	0.	0.	0.	0.	0.	0.	0.	0.	0.	0.	0.	2.8284271247461903	0.	0.	0.
0.	0.	0.	0.	0.	0.	0.	0.	0.	0.	0.	0.	0.	-3.043960907270858e-17	0.	0.	0.	0.	0.	3.	0.	0.
0.	0.	0.	0.	0.	0.	0.	0.	0.	0.	0.	0.	0.	0.	0.	3.1155585504220666e-16	0.	0.	0.	0.	3.1622776601683795	0.
0	1	0	1
0.	0.	0.	0.	0.	0.	0.	0.	0.	0.	0.	0.	0.	0.	0.	0.	0.	0.	0.	0.	0.	0.	0.	0.	0.	0.	0.	0.	0.	0.	0.	0.	0.
1.	0.	0.	0.	-2.7755575615628914e-16	0.	0.	0.	0.	0.	0.	0.	-2.7755575615628914e-16	0.	0.	0.	0.	0.	0.	0.	0.	0.	0.	0.	0.	0.	0.	0.	0.	0.	0.	0.	0.
0.	1.4142135623730951	0.	0.	0.	0.	-1.7938038903913487e-16	0.	0.	0.	0.	0.	0.	0.	0.	-3.6279501102924537e-16	0.	0.	0.	0.	0.	0.	0.	0.	0.	0.	0.	0.	0.	0.	0.	0.	0.
0.	0.	1.732050807568877	0.	0.	0.	0.	0.	-8.391171966273796e-16	0.	0.	0.	0.	0.	0.	0.	0.	0.	-3.2562982331587827e-16	0.	0.	0.	0.	0.	0.	0.	0.	0.	0.	0.	0.	0.	0.
0.	0.	0.	0.	0.	0.	0.	0.	0.	0.	0.	0.	0.	0.	0.	0.	0.	0.	0.	0.	0.	0.	0.	0.	0.	0.	0.	0.	0.	0.	0.	0.	0.
0.	0.	0.	2.	0.	0.	0.	0.	0.	0.	-4.250407941992707e-16	0.	0.	0.	0.	0.	0.	0.	0.	0.	0.	-4.4408920985006257e-16	0.	0.	0.	0.	0.	0.	0.	0.	0.	0.	0.
-1.1102230246251565e-16	0.	0.	0.	0.9999999999999999	0.	0.	0.	0.	0.	0.	0.	2.299347170293093e-17	0.	0.	0.	0.	0.	0.	0.	0.	0.	0.	0.	0.	0.	0.	0.	0.	0.	0.	0.	0.
0.	0.	0.	0.	0.	2.23606797749979	0.	0.	0.	0.	0.	0.	0.	1.4838344659595216e-15	0.	0.	0.	0.	0.	0.	0.	0.	0.	8.48134920628197e-17	0.	0.	0.	0.	0.	0.	0.	0.	0.
0.	-4.996003610813204e-16	0.	0.	0.	0.	1.4142135623730954	0.	0.	0.	0.	0.	0.	0.	0.	-2.220446049250311e-16	0.	0.	0.	0.	0.	0.	0.	0.	0.	0.	0.	0.	0.	0.	0.	0.	0.
0.	0.	0.	0.	0.	0.	0.	2.449489742783178	0.	0.	0.	0.	0.	0.	0.	0.	-1.0417235307228802e-15	0.	0.	0.	0.	0.	0.	0.	0.	-3.218513772791761e-16	0.	0.	0.	0.	0.	0.	0.
0.	0.	-1.1102230246251565e-16	0.	0.	0.	0.	0.	1.7320508075688776	0.	0.	0.	0.	0.	0.	0.	0.	0.	-4.303530468698973e-17	0.	0.	0.	0.	0.	0.	0.	0.	0.	0.	0.	0.	0.	0.
0.	0.	0.	0.	0.	0.	0.	0.	0.	2.6457513110645907	0.	0.	0.	0.	0.	0.	0.	0.	0.	4.101835881820113e-16	0.	0.	0.	0.	0.	0.	0.	-1.0061669349699354e-15	0.	0.	0.	0.	0.
0.	0.	0.	0.	0.	0.	0.	0.	0.	0.	0.	0.	0.	0.	0.	0.	0.	0.	0.	0.	0.	0.	0.	0.	0.	0.	0.	0.	0.	0.	0.	0.	0.
0.	0.	0.	6.201468713692322e-16	0.	0.	0.	0.	0.	0.	2.0000000000000004	0.	0.	0.	0.	0.	0.	0.	0.	0.	0.	6.503535905665387e-17	0.	0.	0.	0.	0.	0.	0.	0.	0.	0.	0.
0.	0.	0.	0.	0.	0.	0.	0.	0.	0.	0.	2.8284271247461903	0.	0.	0.	0.	0.	0.	0.	0.	0.	0.	8.532843177179287e-17	0.	0.	0.	0.	0.	0.	8.747091558225904e-16	0.	0.	0.
-2.498001805406602e-16	0.	0.	0.	2.517727085667297e-16	0.	0.	0.	0.	0.	0.	0.	1.	0.	0.	0.	0.	0.	0.	0.	0.	0.	0.	0.	0.	0.	0.	0.	0.	0.	0.	0.	0.
0.	0.	0.	0.	0.	-1.461306371482827e-15	0.	0.	0.	0.	0.	0.	0.	2.2360679774997902	0.	0.	0.	0.	0.	0.	0.	0.	0.	1.5723286739453426e-15	0.	0.	0.	0.	0.	0.	0.	0.	0.
0.	0.	0.	0.	0.	0.	0.	0.	0.	0.	0.	0.	0.	0.	3.0000000000000004	0.	0.	0.	0.	0.	0.	0.	0.	0.	-1.8032953671553206e-15	0.	0.	0.	0.	0.	-8.604228440844965e-16	0.	0.
0.	-3.885780586188048e-16	0.	0.	0.	0.	-1.0087576610494613e-16	0.	0.	0.	0.	0.	0.	0.	0.	1.4142135623730951	0.	0.	0.	0.	0.	0.	0.	0.	0.	0.	0.	0.	0.	0.	0.	0.	0.
0.	0.	0.	0.	0.	0.	0.	7.474077809509346e-16	0.	0.	0.	0.	0.	0.	0.	0.	2.4494897427831783	0.	0.	0.	0.	0.	0.	0.	0.	2.43451961149116e-15	0.	0.	0.	0.	0.	0.	0.
0.	0.	0.	0.	0.	0.	0.	0.	0.	0.	0.	0.	0.	0.	0.	0.	0.	3.1622776601683804	0.	0.	0.	0.	0.	0.	0.	0.	-1.0141143402772726e-15	0.	0.	0.	0.	9.422277381104955e-16	0.
0.	0.	-2.7755575615628914e-16	0.	0.	0.	0.	0.	-1.1721841040149266e-15	0.	0.	0.	0.	0.	0.	0.	0.	0.	1.7320508075688772	0.	0.	0.	0.	0.	0.	0.	0.	0.	0.	0.	0.	0.	0.
0.	0.	0.	0.	0.	0.	0.	0.	0.	-6.517929189028239e-16	0.	0.	0.	0.	0.	0.	0.	0.	0.	2.6457513110645907	0.	0.	0.	0.	0.	0.	0.	-2.9115567912543024e-15	0.	0.	0.	0.	0.
0.	0.	0.	2.2204460492503126e-16	0.	0.	0.	0.	0.	0.	7.581077015868176e-16	0.	0.	0.	0.	0.	0.	0.	0.	0.	0.	-2.	0.	0.	0.	0.	0.	0.	0.	0.	0.	0.	0.
0.	0.	0.	0.	0.	0.	0.	0.	0.	0.	0.	-1.1102230246251563e-15	0.	0.	0.	0.	0.	0.	0.	0.	0.	0.	2.8284271247461907	0.	0.	0.	0.	0.	0.	5.551115123125785e-16	0.	0.	0.
0.	0.	0.	0.	0.	-5.289027019128825e-16	0.	0.	0.	0.	0.	0.	0.	1.7328175986396226e-15	0.	0.	0.	0.	0.	0.	0.	0.	0.	-2.2360679774997902	0.	0.	0.	0.	0.	0.	0.	0.	0.
0.	0.	0.	0.	0.	0.	0.	0.	0.	0.	0.	0.	0.	0.	6.796030786526288e-16	0.	0.	0.	0.	0.	0.	0.	0.	0.	3.000000000000001	0.	0.	0.	0.	0.	2.5871861163316974e-15	0.	0.
0.	0.	0.	0.	0.	0.	0.	1.9709291183649497e-16	0.	0.	0.	0.	0.	0.	0.	0.	-2.871957425633271e-15	0.	0.	0.	0.	0.	0.	0.	0.	2.449489742783178	0.	0.	0.	0.	0.	0.	0.
0.	0.	0.	0.	0.	0.	0.	0.	0.	0.	0.	0.	0.	0.	0.	0.	0.	-2.744622257244228e-16	0.	0.	0.	0.	0.	0.	0.	0.	3.16227766016838	0.	0.	0.	0.	2.28523779177717e-15	0.
0.	0.	0.	0.	0.	0.	0.	0.	0.	7.019802134613834e-16	0.	0.	0.	0.	0.	0.	0.	0.	0.	2.6306296374323244e-15	0.	0.	0.	0.	0.	0.	0.	2.645751311064591	0.	0.	0.	0.	0.
0.	0.	0.	0.	0.	0.	0.	0.	0.	0.	0.	-1.7763568394002505e-15	0.	0.	0.	0.	0.	0.	0.	0.	0.	0.	3.34185762820878e-16	0.	0.	0.	0.	0.	0.	2.8284271247461907	0.	0.	0.
0.	0.	0.	0.	0.	0.	0.	0.	0.	0.	0.	0.	0.	0.	8.881784197001252e-16	0.	0.	0.	0.	0.	0.	0.	0.	0.	-2.6327006180366375e-15	0.	0.	0.	0.	0.	3.000000000000001	0.	0.
0.	0.	0.	0.	0.	0.	0.	0.	0.	0.	0.	0.	0.	0.	0.	0.	0.	2.220446049250313e-16	0.	0.	0.	0.	0.	0.	0.	0.	-4.652154046751267e-15	0.	0.	0.	0.	3.16227766016838	0.
0	3	0	3
0.	0.	0.	0.	0.	0.	0.	0.	0.	0.	0.
1.	0.	0.	0.	0.	0.	0.	0.	0.	0.	0.
0.	1.4142135623730951	0.	0.	0.	0.	0.	0.	0.	0.	0.
0.	0.	1.7320508075688772	0.	0.	0.	0.	0.	0.	0.	0.
0.	0.	0.	2.	0.	0.	0.	0.	0.	0.	0.
0.	0.	0.	0.	2.23606797749979	0.	0.	0.	0.	0.	0.
0.	0.	0.	0.	0.	2.449489742783178	0.	0.	0.	0.	0.
0.	0.	0.	0.	0.	0.	2.6457513110645907	0.	0.	0.	0.
0.	0.	0.	0.	0.	0.	0.	2.8284271247461903	0.	0.	0.
0.	0.	0.	0.	0.	0.	0.	0.	3.	0.	0.
0.	0.	0.	0.	0.	0.	0.	0.	0.	3.1622776601683795	0.
1	2	1	2
0.	0.	0.	0.	0.	0.	0.	0.	0.	0.	0.	0.	0.	0.	0.	0.	0.	0.	0.	0.	0.	0.
1.	0.	0.	0.	1.0146536357569526e-17	0.	0.	0.	0.	0.	0.	0.	0.	0.	0.	0.	0.	0.	0.	0.	0.	0.
0.	1.4142135623730951	0.	0.	0.	0.	-4.598694340586184e-17	0.	0.	0.	0.	0.	0.	0.	0.	0.	0.	0.	0.	0.	0.	0.
0.	0.	1.7320508075688772	0.	0.	0.	0.	0.	-5.373833866861023e-17	0.	0.	0.	0.	0.	0.	0.	0.	0.	0.	0.	0.	0.
0.	0.	0.	0.	0.	0.	0.	0.	0.	0.	0.	0.	0.	0.	0.	0.	0.	0.	0.	0.	0.	0.
0.	0.	0.	2.	0.	0.	0.	0.	0.	0.	2.0293072715139053e-17	0.	0.	0.	0.	0.	0.	0.	0.	0.	0.	0.
1.0146536357569526e-17	0.	0.	0.	1.	0.	0.	0.	0.	0.	0.	0.	0.	0.	0.	0.	0.	0.	0.	0.	0.	0.
0.	0.	0.	0.	0.	2.23606797749979	0.	0.	0.	0.	0.	0.	8.59823569820384e-17	0.	0.	0.	0.	0.	0.	0.	0.	0.
0.	0.	0.	0.	0.	0.	1.4142135623730951	0.	0.	0.	0.	0.	0.	0.	0.	0.	0.	0.	0.	0.	0.	0.
0.	0.	0.	0.	0.	0.	0.	2.449489742783178	0.	0.	0.	0.	0.	0.	7.110298781051534e-17	0.	0.	0.	0.	0.	0.	0.
0.	0.	-3.270308835128456e-17	0.	0.	0.	0.	0.	1.7320508075688774	0.	0.	0.	0.	0.	0.	0.	0.	0.	0.	0.	0.	0.
0.	0.	0.	0.	0.	0.	0.	0.	0.	2.6457513110645907	0.	0.	0.	0.	0.	0.	4.2930617804156935e-17	0.	0.	0.	0.	0.
0.	0.	0.	2.0293072715139053e-17	0.	0.	0.	0.	0.	0.	2.	0.	0.	0.	0.	0.	0.	0.	0.	0.	0.	0.
0.	0.	0.	0.	0.	0.	0.	0.	0.	0.	0.	2.8284271247461903	0.	0.	0.	0.	0.	0.	-9.197388681172368e-17	0.	0.	0.
0.	0.	0.	0.	0.	6.744992942158086e-17	0.	0.	0.	0.	0.	0.	2.2360679774997894	0.	0.	0.	0.	0.	0.	0.	0.	0.
0.	0.	0.	0.	0.	0.	0.	0.	0.	0.	0.	0.	0.	3.	0.	0.	0.	0.	0.	-4.806501386148017e-17	0.	0.
0.	0.	0.	0.	0.	0.	0.	3.5815965040536475e-17	0.	0.	0.	0.	0.	0.	2.449489742783178	0.	0.	0.	0.	0.	0.	0.
0.	0.	0.	0.	0.	0.	0.	0.	0.	0.	0.	0.	0.	0.	0.	3.1622776601683795	0.	0.	0.	0.	1.5874216520755196e-16	0.
0.	0.	0.	0.	0.	0.	0.	0.	0.	-7.76384538022679e-18	0.	0.	0.	0.	0.	0.	2.6457513110645907	0.	0.	0.	0.	0.
0.	0.	0.	0.	0.	0.	0.	0.	0.	0.	0.	0.	0.	0.	0.	0.	0.	0.	2.8284271247461903	0.	0.	0.
0.	0.	0.	0.	0.	0.	0.	0.	0.	0.	0.	0.	0.	3.043960907270858e-17	0.	0.	0.	0.	0.	3.	0.	0.
0.	0.	0.	0.	0.	0.	0.	0.	0.	0.	0.	0.	0.	0.	0.	-3.1155585504220666e-16	0.	0.	0.	0.	3.1622776601683795	0.
2	1	2	1
0.	0.	0.	0.	0.	0.	0.	0.	0.	0.	0.
1.	0.	0.	0.	0.	0.	0.	0.	0.	0.	0.
0.	1.4142135623730951	0.	0.	0.	0.	0.	0.	0.	0.	0.
0.	0.	1.7320508075688772	0.	0.	0.	0.	0.	0.	0.	0.
0.	0.	0.	2.	0.	0.	0.	0.	0.	0.	0.
0.	0.	0.	0.	2.23606797749979	0.	0.	0.	0.	0.	0.
0.	0.	0.	0.	0.	2.449489742783178	0.	0.	0.	0.	0.
0.	0.	0.	0.	0.	0.	2.6457513110645907	0.	0.	0.	0.
0.	0.	0.	0.	0.	0.	0.	2.8284271247461903	0.	0.	0.
0.	0.	0.	0.	0.	0.	0.	0.	3.	0.	0.
0.	0.	0.	0.	0.	0.	0.	0.	0.	3.1622776601683795	0.
snph
6
-2	1	-2	1
0.	0.	0.	0.	0.	0.	0.	0.	0.	0.	0.
0.	1.	0.	0.	0.	0.	0.	0.	0.	0.	0.
0.	0.	2.	0.	0.	0.	0.	0.	0.	0.	0.
0.	0.	0.	3.	0.	0.	0.	0.	0.	0.	0.
0.	0.	0.	0.	4.	0.	0.	0.	0.	0.	0.
0.	0.	0.	0.	0.	5.	0.	0.	0.	0.	0.
0.	0.	0.	0.	0.	0.	6.	0.	0.	0.	0.
0.	0.	0.	0.	0.	0.	0.	7.	0.	0.	0.
0.	0.	0.	0.	0.	0.	0.	0.	8.	0.	0.
0.	0.	0.	0.	0.	0.	0.	0.	0.	9.	0.
0.	0.	0.	0.	0.	0.	0.	0.	0.	0.	10.
-1	2	-1	2
0.	0.	0.	0.	0.	0.	0.	0.	0.	0.	0.	0.	0.	0.	0.	0.	0.	0.	0.	0.	0.	0.
0.	1.	0.	0.	0.	0.	-1.0146536357569526e-17	0.	0.	0.	0.	0.	0.	0.	0.	0.	0.	0.	0.	0.	0.	0.
0.	0.	2.	0.	0.	0.	0.	0.	-2.0293072715139053e-17	0.	0.	0.	0.	0.	0.	0.	0.	0.	0.	0.	0.	0.
0.	0.	0.	3.	0.	0.	0.	0.	0.	0.	4.806501386148017e-17	0.	0.	0.	0.	0.	0.	0.	0.	0.	0.	0.
0.	0.	0.	0.	0.	0.	0.	0.	0.	0.	0.	0.	0.	0.	0.	0.	0.	0.	0.	0.	0.	0.
0.	0.	0.	0.	0.	4.	0.	0.	0.	0.	0.	0.	-4.0586145430278105e-17	0.	0.	0.	0.	0.	0.	0.	0.	0.
0.	-1.0146536357569526e-17	0.	0.	0.	0.	1.	0.	0.	0.	0.	0.	0.	0.	0.	0.	0.	0.	0.	0.	0.	0.
0.	0.	0.	0.	0.	0.	0.	5.	0.	0.	0.	0.	0.	0.	-1.2923730472203638e-16	0.	0.	0.	0.	0.	0.	0.
0.	0.	-2.0293072715139053e-17	0.	0.	0.	0.	0.	2.	0.	0.	0.	0.	0.	0.	0.	0.	0.	0.	0.	0.	0.
0.	0.	0.	0.	0.	0.	0.	0.	0.	6.	0.	0.	0.	0.	0.	0.	9.613002772296033e-17	0.	0.	0.	0.	0.
0.	0.	0.	-3.043960907270858e-17	0.	0.	0.	0.	0.	0.	3.	0.	0.	0.	0.	0.	0.	0.	0.	0.	0.	0.
0.	0.	0.	0.	0.	0.	0.	0.	0.	0.	0.	6.999999999999999	0.	0.	0.	0.	0.	0.	1.375495865445097e-16	0.	0.	0.
0.	0.	0.	0.	0.	-4.0586145430278105e-17	0.	0.	0.	0.	0.	0.	4.	0.	0.	0.	0.	0.	0.	0.	0.	0.
0.	0.	0.	0.	0.	0.	0.	0.	0.	0.	0.	0.	0.	8.	0.	0.	0.	0.	0.	-8.117229086055621e-17	0.	0.
0.	0.	0.	0.	0.	0.	0.	-5.073268178784763e-17	0.	0.	0.	0.	0.	0.	5.	0.	0.	0.	0.	0.	0.	0.
0.	0.	0.	0.	0.	0.	0.	0.	0.	0.	0.	0.	0.	0.	0.	9.	0.	0.	0.	0.	1.441950415844405e-16	0.
0.	0.	0.	0.	0.	0.	0.	0.	0.	-6.087921814541716e-17	0.	0.	0.	0.	0.	0.	6.	0.	0.	0.	0.	0.
0.	0.	0.	0.	0.	0.	0.	0.	0.	0.	0.	0.	0.	0.	0.	0.	0.	10.	0.	0.	0.	-2.5847460944407276e-16
0.	0.	0.	0.	0.	0.	0.	0.	0.	0.	0.	5.90449636103209e-17	0.	0.	0.	0.	0.	0.	6.999999999999999	0.	0.	0.
0.	0.	0.	0.	0.	0.	0.	0.	0.	0.	0.	0.	0.	-8.117229086055621e-17	0.	0.	0.	0.	0.	8.	0.	0.
0.	0.	0.	0.	0.	0.	0.	0.	0.	0.	0.	0.	0.	0.	0.	2.226996645186293e-16	0.	0.	0.	0.	9.	0.
0.	0.	0.	0.	0.	0.	0.	0.	0.	0.	0.	0.	0.	0.	0.	0.	0.	-1.0146536357569526e-16	0.	0.	0.	10.
0	1	0	1
0.	0.	0.	0.	0.	0.	0.	0.	0.	0.	0.	0.	0.	0.	0.	0.	0.	0.	0.	0.	0.	0.	0.	0.	0.	0.	0.	0.	0.	0.	0.	0.	0.
0.	1.0000000000000002	0.	0.	0.	0.	-5.551115123125783e-17	0.	0.	0.	0.	0.	0.	0.	0.	-3.608224830031759e-16	0.	0.	0.	0.	0.	0.	0.	0.	0.	0.	0.	0.	0.	0.	0.	0.	0.
0.	0.	1.9999999999999998	0.	0.	0.	0.	0.	-7.771561172376096e-16	0.	0.	0.	0.	0.	0.	0.	0.	0.	-3.885780586188048e-16	0.	0.	0.	0.	0.	0.	0.	0.	0.	0.	0.	0.	0.	0.
0.	0.	0.	3.	0.	0.	0.	0.	0.	0.	-7.025965503555598e-16	0.	0.	0.	0.	0.	0.	0.	0.	0.	0.	-4.996003610813204e-16	0.	0.	0.	0.	0.	0.	0.	0.	0.	0.	0.
0.	0.	0.	0.	0.	0.	0.	0.	0.	0.	0.	0.	0.	0.	0.	0.	0.	0.	0.	0.	0.	0.	0.	0.	0.	0.	0.	0.	0.	0.	0.	0.	0.
0.	0.	0.	0.	0.	4.000000000000001	0.	0.	0.	0.	0.	0.	0.	9.262752510017094e-16	0.	0.	0.	0.	0.	0.	0.	0.	0.	6.661338147750937e-16	0.	0.	0.	0.	0.	0.	0.	0.	0.
0.	-5.551115123125783e-17	0.	0.	0.	0.	1.	0.	0.	0.	0.	0.	0.	0.	0.	1.4075040610421406e-16	0.	0.	0.	0.	0.	0.	0.	0.	0.	0.	0.	0.	0.	0.	0.	0.	0.
0.	0.	0.	0.	0.	0.	0.	5.	0.	0.	0.	0.	0.	0.	0.	0.	-1.0182491378134327e-15	0.	0.	0.	0.	0.	0.	0.	0.	-6.661338147750937e-16	0.	0.	0.	0.	0.	0.	0.
0.	0.	-7.771561172376096e-16	0.	0.	0.	0.	0.	2.0000000000000004	0.	0.	0.	0.	0.	0.	0.	0.	0.	-6.986514943034208e-16	0.	0.	0.	0.	0.	0.	0.	0.	0.	0.	0.	0.	0.	0.
0.	0.	0.	0.	0.	0.	0.	0.	0.	6.	0.	0.	0.	0.	0.	0.	0.	0.	0.	3.8096831301584153e-17	0.	0.	0.	0.	0.	0.	0.	4.440892098500632e-16	0.	0.	0.	0.	0.
0.	0.	0.	-4.575584737275976e-16	0.	0.	0.	0.	0.	0.	3.0000000000000004	0.	0.	0.	0.	0.	0.	0.	0.	0.	0.	-9.016476835776601e-16	0.	0.	0.	0.	0.	0.	0.	0.	0.	0.	0.
0.	0.	0.	0.	0.	0.	0.	0.	0.	0.	0.	7.000000000000001	0.	0.	0.	0.	0.	0.	0.	0.	0.	0.	-9.45323666652501e-16	0.	0.	0.	0.	0.	0.	-1.0269562977782696e-15	0.	0.	0.
0.	0.	0.	0.	0.	0.	0.	0.	0.	0.	0.	0.	0.	0.	0.	0.	0.	0.	0.	0.	0.	0.	0.	0.	0.	0.	0.	0.	0.	0.	0.	0.	0.
0.	0.	0.	0.	0.	9.262752510017094e-16	0.	0.	0.	0.	0.	0.	0.	4.000000000000001	0.	0.	0.	0.	0.	0.	0.	0.	0.	1.8394777362344715e-16	0.	0.	0.	0.	0.	0.	0.	0.	0.
0.	0.	0.	0.	0.	0.	0.	0.	0.	0.	0.	0.	0.	0.	8.	0.	0.	0.	0.	0.	0.	0.	0.	0.	-1.1483198559267401e-15	0.	0.	0.	0.	0.	-1.3322676295501877e-15	0.	0.
0.	-3.608224830031759e-16	0.	0.	0.	0.	1.4075040610421406e-16	0.	0.	0.	0.	0.	0.	0.	0.	1.	0.	0.	0.	0.	0.	0.	0.	0.	0.	0.	0.	0.	0.	0.	0.	0.	0.
0.	0.	0.	0.	0.	0.	0.	-7.176999099542126e-16	0.	0.	0.	0.	0.	0.	0.	0.	5.000000000000001	0.	0.	0.	0.	0.	0.	0.	0.	9.03958643908682e-16	0.	0.	0.	0.	0.	0.	0.
0.	0.	0.	0.	0.	0.	0.	0.	0.	0.	0.	0.	0.	0.	0.	0.	0.	9.000000000000002	0.	0.	0.	0.	0.	0.	0.	0.	-1.3670962694095352e-15	0.	0.	0.	0.	2.1094237467877986e-15	0.
0.	0.	-3.885780586188048e-16	0.	0.	0.	0.	0.	-6.986514943034208e-16	0.	0.	0.	0.	0.	0.	0.	0.	0.	2.	0.	0.	0.	0.	0.	0.	0.	0.	0.	0.	0.	0.	0.	0.
0.	0.	0.	0.	0.	0.	0.	0.	0.	-2.693852775506976e-17	0.	0.	0.	0.	0.	0.	0.	0.	0.	6.000000000000001	0.	0.	0.	0.	0.	0.	0.	-2.3820772157807316e-15	0.	0.	0.	0.	0.
0.	0.	0.	0.	0.	0.	0.	0.	0.	0.	0.	0.	0.	0.	0.	0.	0.	0.	0.	0.	10.	0.	0.	0.	0.	0.	0.	0.	-2.2901033289690062e-15	0.	0.	0.	1.8873791418627712e-15
0.	0.	0.	-1.6653345369377343e-16	0.	0.	0.	0.	0.	0.	-9.24641155280591e-16	0.	0.	0.	0.	0.	0.	0.	0.	0.	0.	3.	0.	0.	0.	0.	0.	0.	0.	0.	0.	0.	0.
0.	0.	0.	0.	0.	0.	0.	0.	0.	0.	0.	-5.079690887412058e-16	0.	0.	0.	0.	0.	0.	0.	0.	0.	0.	7.	0.	0.	0.	0.	0.	0.	2.15656617035917e-15	0.	0.	0.
0.	0.	0.	0.	0.	6.661338147750937e-16	0.	0.	0.	0.	0.	0.	0.	1.8394777362344715e-16	0.	0.	0.	0.	0.	0.	0.	0.	0.	4.000000000000001	0.	0.	0.	0.	0.	0.	0.	0.	0.
0.	0.	0.	0.	0.	0.	0.	0.	0.	0.	0.	0.	0.	0.	-1.1483198559267401e-15	0.	0.	0.	0.	0.	0.	0.	0.	0.	8.000000000000002	0.	0.	0.	0.	0.	6.819140389836507e-16	0.	0.
0.	0.	0.	0.	0.	0.	0.	-7.216449660063516e-16	0.	0.	0.	0.	0.	0.	0.	0.	6.819140389836507e-16	0.	0.	0.	0.	0.	0.	0.	0.	5.	0.	0.	0.	0.	0.	0.	0.
0.	0.	0.	0.	0.	0.	0.	0.	0.	0.	0.	0.	0.	0.	0.	0.	0.	-1.413083212815397e-15	0.	0.	0.	0.	0.	0.	0.	0.	9.	0.	0.	0.	0.	-6.865359596456899e-16	0.
0.	0.	0.	0.	0.	0.	0.	0.	0.	3.330669073875474e-16	0.	0.	0.	0.	0.	0.	0.	0.	0.	-2.1600326108557e-15	0.	0.	0.	0.	0.	0.	0.	6.000000000000001	0.	0.	0.	0.	0.
0.	0.	0.	0.	0.	0.	0.	0.	0.	0.	0.	0.	0.	0.	0.	0.	0.	0.	0.	0.	-2.3551386880256603e-15	0.	0.	0.	0.	0.	0.	0.	10.000000000000002	0.	0.	0.	-6.652887302644027e-15
0.	0.	0.	0.	0.	0.	0.	0.	0.	0.	0.	-8.049116928532383e-16	0.	0.	0.	0.	0.	0.	0.	0.	0.	0.	2.1633008022979373e-15	0.	0.	0.	0.	0.	0.	7.000000000000001	0.	0.	0.
0.	0.	0.	0.	0.	0.	0.	0.	0.	0.	0.	0.	0.	0.	-8.881784197001252e-16	0.	0.	0.	0.	0.	0.	0.	0.	0.	6.862551639608054e-16	0.	0.	0.	0.	0.	8.000000000000002	0.	0.
0.	0.	0.	0.	0.	0.	0.	0.	0.	0.	0.	0.	0.	0.	0.	0.	0.	2.6645352591003757e-15	0.	0.	0.	0.	0.	0.	0.	0.	-6.918074983099146e-16	0.	0.	0.	0.	9.000000000000004	0.
0.	0.	0.	0.	0.	0.	0.	0.	0.	0.	0.	0.	0.	0.	0.	0.	0.	0.	0.	0.	1.6653345369377395e-15	0.	0.	0.	0.	0.	0.	0.	-6.273833451850618e-15	0.	0.	0.	10.
0	3	0	3
0.	0.	0.	0.	0.	0.	0.	0.	0.	0.	0.
0.	1.	0.	0.	0.	0.	0.	0.	0.	0.	0.
0.	0.	2.	0.	0.	0.	0.	0.	0.	0.	0.
0.	0.	0.	3.	0.	0.	0.	0.	0.	0.	0.
0.	0.	0.	0.	4.	0.	0.	0.	0.	0.	0.
0.	0.	0.	0.	0.	5.	0.	0.	0.	0.	0.
0.	0.	0.	0.	0.	0.	6.	0.	0.	0.	0.
0.	0.	0.	0.	0.	0.	0.	7.	0.	0.	0.
0.	0.	0.	0.	0.	0.	0.	0.	8.	0.	0.
0.	0.	0.	0.	0.	0.	0.	0.	0.	9.	0.
0.	0.	0.	0.	0.	0.	0.	0.	0.	0.	10.
1	2	1	2
0.	0.	0.	0.	0.	0.	0.	0.	0.	0.	0.	0.	0.	0.	0.	0.	0.	0.	0.	0.	0.	0.
0.	1.	0.	0.	0.	0.	1.0146536357569526e-17	0.	0.	0.	0.	0.	0.	0.	0.	0.	0.	0.	0.	0.	0.	0.
0.	0.	2.	0.	0.	0.	0.	0.	2.0293072715139053e-17	0.	0.	0.	0.	0.	0.	0.	0.	0.	0.	0.	0.	0.
0.	0.	0.	3.	0.	0.	0.	0.	0.	0.	-4.806501386148017e-17	0.	0.	0.	0.	0.	0.	0.	0.	0.	0.	0.
0.	0.	0.	0.	0.	0.	0.	0.	0.	0.	0.	0.	0.	0.	0.	0.	0.	0.	0.	0.	0.	0.
0.	0.	0.	0.	0.	4.	0.	0.	0.	0.	0.	0.	4.0586145430278105e-17	0.	0.	0.	0.	0.	0.	0.	0.	0.
0.	1.0146536357569526e-17	0.	0.	0.	0.	1.	0.	0.	0.	0.	0.	0.	0.	0.	0.	0.	0.	0.	0.	0.	0.
0.	0.	0.	0.	0.	0.	0.	5.	0.	0.	0.	0.	0.	0.	1.2923730472203638e-16	0.	0.	0.	0.	0.	0.	0.
0.	0.	2.0293072715139053e-17	0.	0.	0.	0.	0.	2.	0.	0.	0.	0.	0.	0.	0.	0.	0.	0.	0.	0.	0.
0.	0.	0.	0.	0.	0.	0.	0.	0.	6.	0.	0.	0.	0.	0.	0.	-9.613002772296033e-17	0.	0.	0.	0.	0.
0.	0.	0.	3.043960907270858e-17	0.	0.	0.	0.	0.	0.	3.	0.	0.	0.	0.	0.	0.	0.	0.	0.	0.	0.
0.	0.	0.	0.	0.	0.	0.	0.	0.	0.	0.	6.999999999999999	0.	0.	0.	0.	0.	0.	-1.375495865445097e-16	0.	0.	0.
0.	0.	0.	0.	0.	4.0586145430278105e-17	0.	0.	0.	0.	0.	0.	4.	0.	0.	0.	0.	0.	0.	0.	0.	0.
0.	0.	0.	0.	0.	0.	0.	0.	0.	0.	0.	0.	0.	8.	0.	0.	0.	0.	0.	8.117229086055621e-17	0.	0.
0.	0.	0.	0.	0.	0.	0.	5.073268178784763e-17	0.	0.	0.	0.	0.	0.	5.	0.	0.	0.	0.	0.	0.	0.
0.	0.	0.	0.	0.	0.	0.	0.	0.	0.	0.	0.	0.	0.	0.	9.	0.	0.	0.	0.	-1.441950415844405e-16	0.
0.	0.	0.	0.	0.	0.	0.	0.	0.	6.087921814541716e-17	0.	0.	0.	0.	0.	0.	6.	0.	0.	0.	0.	0.
0.	0.	0.	0.	0.	0.	0.	0.	0.	0.	0.	0.	0.	0.	0.	0.	0.	10.	0.	0.	0.	2.5847460944407276e-16
0.	0.	0.	0.	0.	0.	0.	0.	0.	0.	0.	-5.90449636103209e-17	0.	0.	0.	0.	0.	0.	6.999999999999999	0.	0.	0.
0.	0.	0.	0.	0.	0.	0.	0.	0.	0.	0.	0.	0.	8.117229086055621e-17	0.	0.	0.	0.	0.	8.	0.	0.
0.	0.	0.	0.	0.	0.	0.	0.	0.	0.	0.	0.	0.	0.	0.	-2.226996645186293e-16	0.	0.	0.	0.	9.	0.
0.	0.	0.	0.	0.	0.	0.	0.	0.	0.	0.	0.	0.	0.	0.	0.	0.	1.0146536357569526e-16	0.	0.	0.	10.
2	1	2	1
0.	0.	0.	0.	0.	0.	0.	0.	0.	0.	0.
0.	1.	0.	0.	0.	0.	0.	0.	0.	0.	0.
0.	0.	2.	0.	0.	0.	0.	0.	0.	0.	0.
0.	0.	0.	3.	0.	0.	0.	0.	0.	0.	0.
0.	0.	0.	0.	4.	0.	0.	0.	0.	0.	0.
0.	0.	0.	0.	0.	5.	0.	0.	0.	0.	0.
0.	0.	0.	0.	0.	0.	6.	0.	0.	0.	0.
0.	0.	0.	0.	0.	0.	0.	7.	0.	0.	0.
0.	0.	0.	0.	0.	0.	0.	0.	8.	0.	0.
0.	0.	0.	0.	0.	0.	0.	0.	0.	9.	0.
0.	0.	0.	0.	0.	0.	0.	0.	0.	0.	10.
sdispl
6
-2	1	-2	1
0.	1.	0.	0.	0.	0.	0.	0.	0.	0.	0.
1.	0.	1.4142135623730951	0.	0.	0.	0.	0.	0.	0.	0.
0.	1.4142135623730951	0.	1.7320508075688772	0.	0.	0.	0.	0.	0.	0.
0.	0.	1.7320508075688772	0.	2.	0.	0.	0.	0.	0.	0.
0.	0.	0.	2.	0.	2.23606797749979	0.	0.	0.	0.	0.
0.	0.	0.	0.	2.23606797749979	0.	2.449489742783178	0.	0.	0.	0.
0.	0.	0.	0.	0.	2.449489742783178	0.	2.6457513110645907	0.	0.	0.
0.	0.	0.	0.	0.	0.	2.6457513110645907	0.	2.8284271247461903	0.	0.
0.	0.	0.	0.	0.	0.	0.	2.8284271247461903	0.	3.	0.
0.	0.	0.	0.	0.	0.	0.	0.	3.	0.	3.1622776601683795
0.	0.	0.	0.	0.	0.	0.	0.	0.	3.1622776601683795	0.
-1	2	-1	2
0.	1.	0.	0.	0.	0.	-1.0146536357569526e-17	0.	0.	0.	0.	0.	0.	0.	0.	0.	0.	0.	0.	0.	0.	0.
1.	0.	1.4142135623730951	0.	-1.0146536357569526e-17	0.	0.	0.	4.598694340586184e-17	0.	0.	0.	0.	0.	0.	0.	0.	0.	0.	0.	0.	0.
0.	1.4142135623730951	0.	1.7320508075688772	0.	0.	4.598694340586184e-17	0.	0.	0.	5.373833866861023e-17	0.	0.	0.	0.	0.	0.	0.	0.	0.	0.	0.
0.	0.	1.7320508075688772	0.	0.	2.	0.	0.	5.373833866861023e-17	0.	0.	0.	-2.0293072715139053e-17	0.	0.	0.	0.	0.	0.	0.	0.	0.
0.	-1.0146536357569526e-17	0.	0.	0.	0.	1.	0.	0.	0.	0.	0.	0.	0.	0.	0.	0.	0.	0.	0.	0.	0.
0.	0.	0.	2.	0.	0.	0.	2.23606797749979	0.	0.	-2.0293072715139053e-17	0.	0.	0.	-8.59823569820384e-17	0.	0.	0.	0.	0.	0.	0.
-1.0146536357569526e-17	0.	0.	0.	1.	0.	0.	0.	1.4142135623730951	0.	0.	0.	0.	0.	0.	0.	0.	0.	0.	0.	0.	0.
0.	0.	0.	0.	0.	2.23606797749979	0.	0.	0.	2.449489742783178	0.	0.	-8.59823569820384e-17	0.	0.	0.	-7.110298781051534e-17	0.	0.	0.	0.	0.
0.	0.	0.	3.270308835128456e-17	0.	0.	1.4142135623730951	0.	0.	0.	1.7320508075688774	0.	0.	0.	0.	0.	0.	0.	0.	0.	0.	0.
0.	0.	0.	0.	0.	0.	0.	2.449489742783178	0.	0.	0.	2.6457513110645907	0.	0.	-7.110298781051534e-17	0.	0.	0.	-4.2930617804156935e-17	0.	0.	0.
0.	0.	3.270308835128456e-17	0.	0.	-2.0293072715139053e-17	0.	0.	1.7320508075688774	0.	0.	0.	2.	0.	0.	0.	0.	0.	0.	0.	0.	0.
0.	0.	0.	0.	0.	0.	0.	0.	0.	2.6457513110645907	0.	0.	0.	2.8284271247461903	0.	0.	-4.2930617804156935e-17	0.	0.	9.197388681172368e-17	0.	0.
0.	0.	0.	-2.0293072715139053e-17	0.	0.	0.	-6.744992942158086e-17	0.	0.	2.	0.	0.	0.	2.2360679774997894	0.	0.	0.	0.	0.	0.	0.
0.	0.	0.	0.	0.	0.	0.	0.	0.	0.	0.	2.8284271247461903	0.	0.	0.	3.	0.	0.	9.197388681172368e-17	0.	4.806501386148017e-17	0.
0.	0.	0.	0.	0.	-6.744992942158086e-17	0.	0.	0.	-3.5815965040536475e-17	0.	0.	2.2360679774997894	0.	0.	0.	2.449489742783178	0.	0.	0.	0.	0.
0.	0.	0.	0.	0.	0.	0.	0.	0.	0.	0.	0.	0.	3.	0.	0.	0.	3.1622776601683795	0.	4.806501386148017e-17	0.	-1.5874216520755196e-16
0.	0.	0.	0.	0.	0.	0.	-3.5815965040536475e-17	0.	0.	0.	7.76384538022679e-18	0.	0.	2.449489742783178	0.	0.	0.	2.6457513110645907	0.	0.	0.
0.	0.	0.	0.	0.	0.	0.	0.	0.	0.	0.	0.	0.	0.	0.	3.1622776601683795	0.	0.	0.	0.	-1.5874216520755196e-16	0.
0.	0.	0.	0.	0.	0.	0.	0.	0.	7.76384538022679e-18	0.	0.	0.	0.	0.	0.	2.6457513110645907	0.	0.	2.8284271247461903	0.	0.
0.	0.	0.	0.	0.	0.	0.	0.	0.	0.	0.	0.	0.	0.	0.	-3.043960907270858e-17	0.	0.	2.8284271247461903	0.	3.	0.
0.	0.	0.	0.	0.	0.	0.	0.	0.	0.	0.	0.	0.	-3.043960907270858e-17	0.	0.	0.	3.1155585504220666e-16	0.	3.	0.	3.1622776601683795
0.	0.	0.	0.	0.	0.	0.	0.	0.	0.	0.	0.	0.	0.	0.	3.1155585504220666e-16	0.	0.	0.	0.	3.1622776601683795	0.
0	1	0	1
0.	1.	0.	0.	0.	0.	-1.1102230246251565e-16	0.	0.	0.	0.	0.	0.	0.	0.	-2.498001805406602e-16	0.	0.	0.	0.	0.	0.	0.	0.	0.	0.	0.	0.	0.	0.	0.	0.	0.
1.	0.	1.4142135623730951	0.	-2.7755575615628914e-16	0.	0.	0.	-4.70405409072959e-16	0.	0.	0.	-2.7755575615628914e-16	0.	0.	0.	0.	0.	-3.7231921885464136e-16	0.	0.	0.	0.	0.	0.	0.	0.	0.	0.	0.	0.	0.	0.
0.	1.4142135623730951	0.	1.732050807568877	0.	0.	-1.7938038903913487e-16	0.	0.	0.	-6.059664041392052e-17	0.	0.	0.	0.	-3.6279501102924537e-16	0.	0.	0.	0.	0.	-4.034522267621423e-16	0.	0.	0.	0.	0.	0.	0.	0.	0.	0.	0.
0.	0.	1.732050807568877	0.	0.	2.	0.	0.	-8.391171966273796e-16	0.	0.	0.	0.	6.201468713692322e-16	0.	0.	0.	0.	-3.2562982331587827e-16	0.	0.	0.	0.	2.2204460492503126e-16	0.	0.	0.	0.	0.	0.	0.	0.	0.
0.	-2.7755575615628914e-16	0.	0.	0.	0.	0.9999999999999999	0.	0.	0.	0.	0.	0.	0.	0.	2.517727085667297e-16	0.	0.	0.	0.	0.	0.	0.	0.	0.	0.	0.	0.	0.	0.	0.	0.	0.
0.	0.	0.	2.	0.	0.	0.	2.23606797749979	0.	0.	-4.250407941992707e-16	0.	0.	0.	0.	0.	-1.286265752095012e-15	0.	0.	0.	0.	-4.4408920985006257e-16	0.	0.	0.	-3.8548452818693917e-16	0.	0.	0.	0.	0.	0.	0.
-1.1102230246251565e-16	0.	-1.6653345369377348e-16	0.	0.9999999999999999	0.	0.	0.	1.4142135623730954	0.	0.	0.	2.299347170293093e-17	0.	0.	0.	0.	0.	-1.6653345369377348e-16	0.	0.	0.	0.	0.	0.	0.	0.	0.	0.	0.	0.	0.	0.
0.	0.	0.	0.	0.	2.23606797749979	0.	0.	0.	2.449489742783178	0.	0.	0.	1.4838344659595216e-15	0.	0.	0.	0.	0.	7.542727490952797e-16	0.	0.	0.	8.48134920628197e-17	0.	0.	0.	1.4971015853121686e-16	0.	0.	0.	0.	0.
0.	-4.996003610813204e-16	0.	-8.021078103261458e-16	0.	0.	1.4142135623730954	0.	0.	0.	1.7320508075688774	0.	0.	0.	0.	-2.220446049250311e-16	0.	0.	0.	0.	0.	-1.1351747177136928e-15	0.	0.	0.	0.	0.	0.	0.	0.	0.	0.	0.
0.	0.	0.	0.	0.	0.	0.	2.449489742783178	0.	0.	0.	2.6457513110645907	0.	0.	0.	0.	-1.0417235307228802e-15	0.	0.	0.	0.	0.	-6.483189540183417e-16	0.	0.	-3.218513772791761e-16	0.	0.	0.	6.678753679769175e-16	0.	0.	0.
0.	0.	-1.1102230246251565e-16	0.	0.	-4.250407941992707e-16	0.	0.	1.7320508075688776	0.	0.	0.	0.	2.0000000000000004	0.	0.	0.	0.	-4.303530468698973e-17	0.	0.	0.	0.	7.581077015868176e-16	0.	0.	0.	0.	0.	0.	0.	0.	0.
0.	0.	0.	0.	0.	0.	0.	0.	0.	2.6457513110645907	0.	0.	0.	0.	2.8284271247461903	0.	0.	0.	0.	4.101835881820113e-16	0.	0.	0.	0.	-9.598592337967098e-16	0.	0.	-1.0061669349699354e-15	0.	0.	-1.7247907442211314e-15	0.	0.
0.	-2.7755575615628914e-16	0.	0.	0.	0.	2.299347170293093e-17	0.	0.	0.	0.	0.	0.	0.	0.	1.	0.	0.	0.	0.	0.	0.	0.	0.	0.	0.	0.	0.	0.	0.	0.	0.	0.
0.	0.	0.	6.201468713692322e-16	0.	0.	0.	1.5078093029790228e-15	0.	0.	2.0000000000000004	0.	0.	0.	0.	0.	2.2360679774997902	0.	0.	0.	0.	6.503535905665387e-17	0.	0.	0.	1.8123897183404965e-15	0.	0.	0.	0.	0.	0.	0.
0.	0.	0.	0.	0.	0.	0.	0.	0.	0.	0.	2.8284271247461903	0.	0.	0.	0.	0.	3.	0.	0.	0.	0.	8.532843177179287e-17	0.	0.	0.	8.691300040493332e-16	0.	0.	8.747091558225904e-16	0.	7.771561172376093e-16	0.
-2.498001805406602e-16	0.	-3.3306690738754696e-16	0.	2.517727085667297e-16	0.	0.	0.	-1.563869173362038e-16	0.	0.	0.	1.	0.	0.	0.	0.	0.	1.4142135623730951	0.	0.	0.	0.	0.	0.	0.	0.	0.	0.	0.	0.	0.	0.
0.	0.	0.	0.	0.	-1.461306371482827e-15	0.	0.	0.	-1.0804746883384818e-15	0.	0.	0.	2.2360679774997902	0.	0.	0.	0.	0.	2.4494897427831783	0.	0.	0.	1.5723286739453426e-15	0.	0.	0.	-2.9301344512303892e-15	0.	0.	0.	0.	0.
0.	0.	0.	0.	0.	0.	0.	0.	0.	0.	0.	0.	0.	0.	3.0000000000000004	0.	0.	0.	0.	0.	3.16227766016838	0.	0.	0.	-1.8032953671553206e-15	0.	0.	0.	-2.199737597502085e-16	0.	-8.604228440844965e-16	0.	3.9466261271209064e-16
0.	-3.885780586188048e-16	0.	-2.369187730683688e-16	0.	0.	-1.0087576610494613e-16	0.	0.	0.	-9.311431994224742e-17	0.	0.	0.	0.	1.4142135623730951	0.	0.	0.	0.	0.	1.7320508075688772	0.	0.	0.	0.	0.	0.	0.	0.	0.	0.	0.
0.	0.	0.	0.	0.	0.	0.	7.474077809509346e-16	0.	0.	0.	3.115555635791417e-16	0.	0.	0.	0.	2.4494897427831783	0.	0.	0.	0.	0.	2.6457513110645907	0.	0.	2.43451961149116e-15	0.	0.	0.	2.6430239152919706e-15	0.	0.	0.
0.	0.	0.	0.	0.	0.	0.	0.	0.	0.	0.	0.	0.	0.	0.	0.	0.	3.1622776601683804	0.	0.	0.	0.	0.	0.	0.	0.	-1.0141143402772726e-15	0.	0.	0.	0.	9.422277381104955e-16	0.
0.	0.	-2.7755575615628914e-16	0.	0.	-4.4408920985006257e-16	0.	0.	-1.1721841040149266e-15	0.	0.	0.	0.	6.503535905665387e-17	0.	0.	0.	0.	1.7320508075688772	0.	0.	0.	0.	-2.	0.	0.	0.	0.	0.	0.	0.	0.	0.
0.	0.	0.	0.	0.	0.	0.	0.	0.	-6.517929189028239e-16	0.	0.	0.	0.	2.2204460492503136e-16	0.	0.	0.	0.	2.6457513110645907	0.	0.	0.	0.	2.8284271247461907	0.	0.	-2.9115567912543024e-15	0.	0.	3.3306690738754706e-16	0.	0.
0.	0.	0.	2.2204460492503126e-16	0.	0.	0.	2.3514901012487936e-16	0.	0.	7.581077015868176e-16	0.	0.	0.	0.	0.	1.3972880545575277e-15	0.	0.	0.	0.	-2.	0.	0.	0.	-2.23606797749979	0.	0.	0.	0.	0.	0.	0.
0.	0.	0.	0.	0.	0.	0.	0.	0.	0.	0.	-1.1102230246251563e-15	0.	0.	0.	0.	0.	-2.025339972080352e-15	0.	0.	0.	0.	2.8284271247461907	0.	0.	0.	3.0000000000000004	0.	0.	5.551115123125785e-16	0.	-2.523306237440555e-15	0.
0.	0.	0.	0.	0.	-5.289027019128825e-16	0.	0.	0.	-4.191375167615266e-16	0.	0.	0.	1.7328175986396226e-15	0.	0.	0.	0.	0.	2.492532757193946e-15	0.	0.	0.	-2.2360679774997902	0.	0.	0.	2.449489742783178	0.	0.	0.	0.	0.
0.	0.	0.	0.	0.	0.	0.	0.	0.	0.	0.	0.	0.	0.	6.796030786526288e-16	0.	0.	0.	0.	0.	-9.668048508992128e-16	0.	0.	0.	3.000000000000001	0.	0.	0.	3.16227766016838	0.	2.5871861163316974e-15	0.	-4.559562028771642e-15
0.	0.	0.	0.	0.	0.	0.	1.9709291183649497e-16	0.	0.	0.	-8.86436866498302e-16	0.	0.	0.	0.	-2.871957425633271e-15	0.	0.	0.	0.	0.	-2.968629002184657e-15	0.	0.	2.449489742783178	0.	0.	0.	2.645751311064591	0.	0.	0.
0.	0.	0.	0.	0.	0.	0.	0.	0.	0.	0.	0.	0.	0.	0.	0.	0.	-2.744622257244228e-16	0.	0.	0.	0.	0.	0.	0.	0.	3.16227766016838	0.	0.	0.	0.	2.28523779177717e-15	0.
0.	0.	0.	0.	0.	0.	0.	0.	0.	7.019802134613834e-16	0.	0.	0.	0.	8.421914762942634e-16	0.	0.	0.	0.	2.6306296374323244e-15	0.	0.	0.	0.	5.944530006785094e-16	0.	0.	2.645751311064591	0.	0.	2.8284271247461907	0.	0.
0.	0.	0.	0.	0.	0.	0.	0.	0.	0.	0.	-1.7763568394002505e-15	0.	0.	0.	0.	0.	-6.661338147750939e-16	0.	0.	0.	0.	3.34185762820878e-16	0.	0.	0.	2.6770176635335094e-15	0.	0.	2.8284271247461907	0.	3.000000000000001	0.
0.	0.	0.	0.	0.	0.	0.	0.	0.	0.	0.	0.	0.	0.	8.881784197001252e-16	0.	0.	0.	0.	0.	9.707142301365684e-16	0.	0.	0.	-2.6327006180366375e-15	0.	0.	0.	2.1686398389149973e-15	0.	3.000000000000001	0.	3.1622776601683795
0.	0.	0.	0.	0.	0.	0.	0.	0.	0.	0.	0.	0.	0.	0.	0.	0.	2.220446049250313e-16	0.	0.	0.	0.	0.	0.	0.	0.	-4.652154046751267e-15	0.	0.	0.	0.	3.16227766016838	0.
0	3	0	3
0.	1.	0.	0.	0.	0.	0.	0.	0.	0.	0.
1.	0.	1.4142135623730951	0.	0.	0.	0.	0.	0.	0.	0.
0.	1.4142135623730951	0.	1.7320508075688772	0.	0.	0.	0.	0.	0.	0.
0.	0.	1.7320508075688772	0.	2.	0.	0.	0.	0.	0.	0.
0.	0.	0.	2.	0.	2.23606797749979	0.	0.	0.	0.	0.
0.	0.	0.	0.	2.23606797749979	0.	2.449489742783178	0.	0.	0.	0.
0.	0.	0.	0.	0.	2.449489742783178	0.	2.6457513110645907	0.	0.	0.
0.	0.	0.	0.	0.	0.	2.6457513110645907	0.	2.8284271247461903	0.	0.
0.	0.	0.	0.	0.	0.	0.	2.8284271247461903	0.	3.	0.
0.	0.	0.	0.	0.	0.	0.	0.	3.	0.	3.1622776601683795
0.	0.	0.	0.	0.	0.	0.	0.	0.	3.1622776601683795	0.
1	2	1	2
0.	1.	0.	0.	0.	0.	1.0146536357569526e-17	0.	0.	0.	0.	0.	0.	0.	0.	0.	0.	0.	0.	0.	0.	0.
1.	0.	1.4142135623730951	0.	1.0146536357569526e-17	0.	0.	0.	-4.598694340586184e-17	0.	0.	0.	0.	0.	0.	0.	0.	0.	0.	0.	0.	0.
0.	1.4142135623730951	0.	1.7320508075688772	0.	0.	-4.598694340586184e-17	0.	0.	0.	-5.373833866861023e-17	0.	0.	0.	0.	0.	0.	0.	0.	0.	0.	0.
0.	0.	1.7320508075688772	0.	0.	2.	0.	0.	-5.373833866861023e-17	0.	0.	0.	2.0293072715139053e-17	0.	0.	0.	0.	0.	0.	0.	0.	0.
0.	1.0146536357569526e-17	0.	0.	0.	0.	1.	0.	0.	0.	0.	0.	0.	0.	0.	0.	0.	0.	0.	0.	0.	0.
0.	0.	0.	2.	0.	0.	0.	2.23606797749979	0.	0.	2.0293072715139053e-17	0.	0.	0.	8.59823569820384e-17	0.	0.	0.	0.	0.	0.	0.
1.0146536357569526e-17	0.	0.	0.	1.	0.	0.	0.	1.4142135623730951	0.	0.	0.	0.	0.	0.	0.	0.	0.	0.	0.	0.	0.
0.	0.	0.	0.	0.	2.23606797749979	0.	0.	0.	2.449489742783178	0.	0.	8.59823569820384e-17	0.	0.	0.	7.110298781051534e-17	0.	0.	0.	0.	0.
0.	0.	0.	-3.270308835128456e-17	0.	0.	1.4142135623730951	0.	0.	0.	1.7320508075688774	0.	0.	0.	0.	0.	0.	0.	0.	0.	0.	0.
0.	0.	0.	0.	0.	0.	0.	2.449489742783178	0.	0.	0.	2.6457513110645907	0.	0.	7.110298781051534e-17	0.	0.	0.	4.2930617804156935e-17	0.	0.	0.
0.	0.	-3.270308835128456e-17	0.	0.	2.0293072715139053e-17	0.	0.	1.7320508075688774	0.	0.	0.	2.	0.	0.	0.	0.	0.	0.	0.	0.	0.
0.	0.	0.	0.	0.	0.	0.	0.	0.	2.6457513110645907	0.	0.	0.	2.8284271247461903	0.	0.	4.2930617804156935e-17	0.	0.	-9.197388681172368e-17	0.	0.
0.	0.	0.	2.0293072715139053e-17	0.	0.	0.	6.744992942158086e-17	0.	0.	2.	0.	0.	0.	2.2360679774997894	0.	0.	0.	0.	0.	0.	0.
0.	0.	0.	0.	0.	0.	0.	0.	0.	0.	0.	2.8284271247461903	0.	0.	0.	3.	0.	0.	-9.197388681172368e-17	0.	-4.806501386148017e-17	0.
0.	0.	0.	0.	0.	6.744992942158086e-17	0.	0.	0.	3.5815965040536475e-17	0.	0.	2.2360679774997894	0.	0.	0.	2.449489742783178	0.	0.	0.	0.	0.
0.	0.	0.	0.	0.	0.	0.	0.	0.	0.	0.	0.	0.	3.	0.	0.	0.	3.1622776601683795	0.	-4.806501386148017e-17	0.	1.5874216520755196e-16
0.	0.	0.	0.	0.	0.	0.	3.5815965040536475e-17	0.	0.	0.	-7.76384538022679e-18	0.	0.	2.449489742783178	0.	0.	0.	2.6457513110645907	0.	0.	0.
0.	0.	0.	0.	0.	0.	0.	0.	0.	0.	0.	0.	0.	0.	0.	3.1622776601683795	0.	0.	0.	0.	1.5874216520755196e-16	0.
0.	0.	0.	0.	0.	0.	0.	0.	0.	-7.76384538022679e-18	0.	0.	0.	0.	0.	0.	2.6457513110645907	0.	0.	2.8284271247461903	0.	0.
0.	0.	0.	0.	0.	0.	0.	0.	0.	0.	0.	0.	0.	0.	0.	3.043960907270858e-17	0.	0.	2.8284271247461903	0.	3.	0.
0.	0.	0.	0.	0.	0.	0.	0.	0.	0.	0.	0.	0.	3.043960907270858e-17	0.	0.	0.	-3.1155585504220666e-16	0.	3.	0.	3.1622776601683795
0.	0.	0.	0.	0.	0.	0.	0.	0.	0.	0.	0.	0.	0.	0.	-3.1155585504220666e-16	0.	0.	0.	0.	3.1622776601683795	0.
2	1	2	1
0.	1.	0.	0.	0.	0.	0.	0.	0.	0.	0.
1.	0.	1.4142135623730951	0.	0.	0.	0.	0.	0.	0.	0.
0.	1.4142135623730951	0.	1.7320508075688772	0.	0.	0.	0.	0.	0.	0.
0.	0.	1.7320508075688772	0.	2.	0.	0.	0.	0.	0.	0.
0.	0.	0.	2.	0.	2.23606797749979	0.	0.	0.	0.	0.
0.	0.	0.	0.	2.23606797749979	0.	2.449489742783178	0.	0.	0.	0.
0.	0.	0.	0.	0.	2.449489742783178	0.	2.6457513110645907	0.	0.	0.
0.	0.	0.	0.	0.	0.	2.6457513110645907	0.	2.8284271247461903	0.	0.
0.	0.	0.	0.	0.	0.	0.	2.8284271247461903	0.	3.	0.
0.	0.	0.	0.	0.	0.	0.	0.	3.	0.	3.1622776601683795
0.	0.	0.	0.	0.	0.	0.	0.	0.	3.1622776601683795	0.
sdispl^2
6
-2	1	-2	1
1.	0.	1.4142135623730951	0.	0.	0.	0.	0.	0.	0.	0.
0.	3.	0.	2.449489742783178	0.	0.	0.	0.	0.	0.	0.
1.4142135623730951	0.	5.	0.	3.4641016151377544	0.	0.	0.	0.	0.	0.
0.	2.449489742783178	0.	7.	0.	4.47213595499958	0.	0.	0.	0.	0.
0.	0.	3.4641016151377544	0.	9.	0.	5.477225575051661	0.	0.	0.	0.
0.	0.	0.	4.47213595499958	0.	11.	0.	6.48074069840786	0.	0.	0.
0.	0.	0.	0.	5.477225575051661	0.	13.	0.	7.483314773547883	0.	0.
0.	0.	0.	0.	0.	6.48074069840786	0.	15.	0.	8.485281374238571	0.
0.	0.	0.	0.	0.	0.	7.483314773547883	0.	17.	0.	9.486832980505138
0.	0.	0.	0.	0.	0.	0.	8.485281374238571	0.	19.	0.
0.	0.	0.	0.	0.	0.	0.	0.	9.486832980505138	0.	10.
-1	2	-1	2
1.	0.	1.4142135623730951	0.	-1.0146536357569526e-17	0.	0.	0.	4.598694340586184e-17	0.	0.	0.	0.	0.	0.	0.	0.	0.	0.	0.	0.	0.
0.	3.	0.	2.449489742783178	0.	0.	4.806501386148017e-17	0.	0.	0.	-7.110298781051534e-17	0.	0.	0.	0.	0.	0.	0.	0.	0.	0.	0.
1.4142135623730951	0.	5.	0.	4.598694340586184e-17	3.4641016151377544	0.	0.	-1.2923730472203638e-16	0.	0.	0.	1.0747667733722046e-16	0.	0.	0.	0.	0.	0.	0.	0.	0.
0.	2.449489742783178	0.	6.999999999999999	0.	0.	-7.110298781051534e-17	4.47213595499958	0.	0.	1.375495865445097e-16	0.	0.	0.	-1.719647139640768e-16	0.	0.	0.	0.	0.	0.	0.
-1.0146536357569526e-17	0.	0.	0.	1.	0.	0.	0.	1.4142135623730951	0.	0.	0.	0.	0.	0.	0.	0.	0.	0.	0.	0.	0.
0.	0.	3.4641016151377544	0.	0.	9.	0.	0.	1.0747667733722046e-16	5.477225575051661	0.	0.	1.441950415844405e-16	0.	0.	0.	-1.7332971806902435e-16	0.	0.	0.	0.	0.
0.	-3.043960907270858e-17	0.	-3.5815965040536475e-17	0.	0.	3.	0.	0.	0.	2.449489742783178	0.	0.	0.	0.	0.	0.	0.	0.	0.	0.	0.
0.	0.	0.	4.47213595499958	0.	0.	0.	11.	0.	0.	-1.719647139640768e-16	6.48074069840786	0.	0.	-3.3107276999076043e-17	0.	0.	0.	1.4145911345975924e-16	0.	0.	0.
0.	0.	-5.073268178784763e-17	0.	1.4142135623730951	6.540617670256912e-17	0.	0.	5.	0.	0.	0.	3.464101615137755	0.	0.	0.	0.	0.	0.	0.	0.	0.
0.	0.	0.	0.	0.	5.477225575051661	0.	0.	0.	13.	0.	0.	-1.7332971806902435e-16	7.483314773547883	0.	0.	4.176273878909174e-16	0.	0.	-9.788919629070961e-17	0.	0.
0.	-3.5815965040536475e-17	0.	5.90449636103209e-17	0.	0.	2.449489742783178	-1.3489985884316172e-16	0.	0.	6.999999999999999	0.	0.	0.	4.472135954999579	0.	0.	0.	0.	0.	0.	0.
0.	0.	0.	0.	0.	0.	0.	6.48074069840786	0.	0.	0.	14.999999999999998	0.	0.	1.4145911345975924e-16	8.485281374238571	0.	0.	5.004665055340161e-16	0.	-2.6014143622661526e-16	0.
0.	0.	6.540617670256912e-17	0.	0.	2.226996645186293e-16	0.	0.	3.464101615137755	-5.736068131085355e-17	0.	0.	9.	0.	0.	0.	5.477225575051661	0.	0.	0.	0.	0.
0.	0.	0.	0.	0.	0.	0.	0.	0.	7.483314773547883	0.	0.	0.	17.	0.	0.	-9.788919629070961e-17	9.486832980505138	0.	6.302275072388429e-17	0.	-2.541818906976246e-16
0.	0.	0.	-1.3489985884316172e-16	0.	0.	0.	-4.256303916700198e-16	0.	0.	4.472135954999579	2.219023484900939e-17	0.	0.	11.	0.	0.	0.	6.48074069840786	0.	0.	0.
0.	0.	0.	0.	0.	0.	0.	0.	0.	0.	0.	8.485281374238571	0.	0.	0.	19.	0.	0.	-2.6014143622661526e-16	0.	-7.423165513331422e-16	0.
0.	0.	0.	0.	0.	-5.736068131085355e-17	0.	0.	0.	1.821135190883512e-16	0.	0.	5.477225575051661	-1.3845137516899901e-16	0.	0.	13.000000000000002	0.	0.	7.483314773547883	0.	0.
0.	0.	0.	0.	0.	0.	0.	0.	0.	0.	0.	0.	0.	9.486832980505138	0.	0.	0.	10.	0.	-2.541818906976246e-16	0.	-2.5847460944407276e-16
0.	0.	0.	0.	0.	0.	0.	2.219023484900939e-17	0.	0.	0.	-4.662165371002979e-16	0.	0.	6.48074069840786	-2.220446049250313e-16	0.	0.	15.	0.	8.485281374238571	0.
0.	0.	0.	0.	0.	0.	0.	0.	0.	-1.3845137516899901e-16	0.	0.	0.	1.4152737365807309e-16	0.	0.	7.483314773547883	-1.3745862819695271e-16	0.	17.	0.	9.486832980505138
0.	0.	0.	0.	0.	0.	0.	0.	0.	0.	0.	-2.220446049250313e-16	0.	0.	0.	-5.06802682530576e-16	0.	0.	8.485281374238571	0.	18.999999999999996	0.
0.	0.	0.	0.	0.	0.	0.	0.	0.	0.	0.	0.	0.	-1.3745862819695271e-16	0.	0.	0.	-1.0146536357569526e-16	0.	9.486832980505138	0.	10.
0	1	0	1
0.9999999999999999	0.	1.414213562373095	0.	-3.3306690738754696e-16	0.	0.	0.	-5.259165603042168e-16	0.	0.	0.	-1.6653345369377348e-16	0.	0.	0.	0.	0.	-2.612969163921257e-16	0.	0.	0.	0.	0.	0.	0.	0.	0.	0.	0.	0.	0.	0.
0.	3.0000000000000004	0.	2.4494897427831783	0.	0.	-1.6653345369377348e-16	0.	0.	0.	-3.270308835128456e-17	0.	0.	0.	0.	-9.71445146547012e-16	0.	0.	0.	0.	0.	-9.742490290741047e-16	0.	0.	0.	0.	0.	0.	0.	0.	0.	0.	0.
1.414213562373095	0.	4.999999999999999	0.	-5.124472964266818e-16	3.4641016151377544	0.	0.	-1.9984014443252818e-15	0.	0.	0.	-2.4503807662796223e-16	1.3438739447873534e-15	0.	0.	0.	0.	-1.0269562977782698e-15	0.	0.	0.	0.	6.146081848859281e-16	0.	0.	0.	0.	0.	0.	0.	0.	0.
0.	2.449489742783178	0.	6.999999999999999	0.	0.	-4.117569391446934e-16	4.472135954999579	0.	0.	-1.238659647017346e-15	0.	0.	0.	0.	-4.509572913401452e-16	-2.258513012453269e-15	0.	0.	0.	0.	-9.43689570931383e-16	0.	0.	0.	-7.709690563738781e-16	0.	0.	0.	0.	0.	0.	0.
-3.3306690738754696e-16	0.	-5.551115123125783e-16	0.	0.9999999999999999	0.	0.	0.	1.4142135623730951	0.	0.	0.	1.3401577416544657e-16	0.	0.	0.	0.	0.	-5.5511151231257815e-17	0.	0.	0.	0.	0.	0.	0.	0.	0.	0.	0.	0.	0.	0.
0.	0.	3.4641016151377544	0.	0.	9.000000000000002	0.	0.	-1.835243639123137e-15	5.477225575051662	0.	0.	0.	2.1856174093909657e-15	0.	0.	0.	0.	-8.733042515567878e-16	-7.793132510053457e-16	0.	0.	0.	1.6653345369377344e-15	0.	0.	0.	2.69970348871217e-16	0.	0.	0.	0.	0.
0.	-2.220446049250313e-16	0.	-5.253631760259033e-16	0.	0.	3.	0.	0.	0.	2.449489742783178	0.	0.	0.	0.	3.667400670813844e-16	0.	0.	0.	0.	0.	-8.584300834134503e-16	0.	0.	0.	0.	0.	0.	0.	0.	0.	0.	0.
0.	0.	0.	4.47213595499958	0.	0.	0.	11.	0.	0.	8.906410563946736e-16	6.48074069840786	0.	0.	0.	0.	-1.5924090657768027e-15	0.	0.	0.	0.	-4.1788039945036666e-16	4.148075757618408e-16	0.	0.	-6.661338147750935e-16	0.	0.	0.	1.4587713788254526e-15	0.	0.	0.
-5.551115123125783e-16	0.	-1.9984014443252818e-15	0.	1.4142135623730951	-1.8761636117543953e-15	0.	0.	5.000000000000001	0.	0.	0.	-3.885780586188047e-16	3.464101615137755	0.	0.	0.	0.	-2.024184491914841e-15	0.	0.	0.	0.	2.5422974265294893e-15	0.	0.	0.	0.	0.	0.	0.	0.	0.
0.	0.	0.	0.	0.	5.477225575051662	0.	0.	0.	13.000000000000002	0.	0.	0.	2.069169781718477e-15	7.483314773547883	0.	0.	0.	0.	-4.7891784970941e-16	0.	0.	0.	5.021288301763447e-16	-3.666143767950782e-15	0.	0.	7.771561172376108e-16	0.	0.	-1.2605631501888377e-15	0.	0.
0.	0.	0.	-9.93621570389384e-16	0.	0.	2.449489742783178	1.017217161632764e-15	0.	0.	7.000000000000001	0.	0.	0.	0.	4.807406715958909e-16	4.47213595499958	0.	0.	0.	0.	-2.325889199939572e-15	0.	0.	0.	2.0704672022057746e-15	0.	0.	0.	0.	0.	0.	0.
0.	0.	0.	0.	0.	0.	0.	6.48074069840786	0.	0.	0.	15.000000000000002	0.	0.	0.	0.	-2.081056017638182e-15	8.485281374238573	0.	0.	0.	0.	-1.7796250308424863e-15	0.	0.	-3.4374149523248262e-15	1.2138209947341991e-15	0.	0.	-2.5812685322534886e-15	0.	-7.265472531697067e-16	0.
-1.6653345369377348e-16	0.	-1.6653345369377348e-16	0.	1.3401577416544657e-16	0.	0.	0.	-3.919007861387702e-16	0.	0.	0.	1.0000000000000002	0.	0.	0.	0.	0.	1.4142135623730954	0.	0.	0.	0.	0.	0.	0.	0.	0.	0.	0.	0.	0.	0.
0.	0.	1.3322676295501878e-15	0.	0.	1.6955412561350414e-15	0.	0.	3.4641016151377553	2.0125031256804187e-15	0.	0.	0.	9.000000000000002	0.	0.	0.	0.	1.0241524152511771e-15	5.477225575051662	0.	0.	0.	5.249047931152717e-16	0.	0.	0.	-3.2460589857446475e-15	0.	0.	0.	0.	0.
0.	0.	0.	0.	0.	0.	0.	0.	0.	7.483314773547883	0.	0.	0.	0.	17.	0.	0.	0.	0.	2.7469099667297486e-15	9.486832980505138	0.	0.	0.	-2.2966397118534802e-15	0.	0.	7.160876692328835e-16	2.870475792456845e-15	0.	-3.2474023470285825e-15	0.	1.5170547455238143e-15
0.	-9.992007221626409e-16	0.	-5.301598192240422e-16	0.	0.	4.615035297797366e-16	0.	0.	0.	4.3832464925384797e-16	0.	0.	0.	0.	2.9999999999999996	0.	0.	0.	0.	0.	2.449489742783178	0.	0.	0.	0.	0.	0.	0.	0.	0.	0.	0.
0.	0.	0.	-2.5715293961079834e-15	0.	0.	0.	-1.3568951969742363e-15	0.	0.	4.4721359549995805	-1.901383101806235e-15	0.	0.	0.	0.	11.000000000000002	0.	0.	0.	0.	-2.7935740010330148e-15	6.48074069840786	0.	0.	2.121935779554119e-15	0.	0.	0.	7.631521572941406e-16	0.	0.	0.
0.	0.	0.	0.	0.	0.	0.	0.	0.	0.	0.	8.485281374238573	0.	0.	0.	0.	0.	19.000000000000004	0.	0.	0.	0.	-3.182437889580371e-15	0.	0.	0.	-2.4011256314315234e-15	0.	0.	1.9579936526926767e-15	0.	4.551914400963144e-15	0.
-2.220446049250313e-16	0.	-1.1102230246251565e-15	0.	1.2116883882008518e-16	-5.035858824234126e-16	0.	0.	-1.6843829525885266e-15	0.	0.	0.	1.4142135623730954	1.0567939808056682e-15	0.	0.	0.	0.	5.000000000000001	0.	0.	0.	0.	-3.4641016151377544	0.	0.	0.	0.	0.	0.	0.	0.	0.
0.	0.	0.	0.	0.	-8.599750569898513e-16	0.	0.	0.	-1.3238167844432812e-16	0.	0.	0.	5.477225575051662	2.8079208538455335e-15	0.	0.	0.	0.	13.000000000000002	0.	0.	0.	-9.163817824103992e-16	7.483314773547884	0.	0.	-4.34700374946647e-15	0.	0.	6.3536683198387395e-15	0.	0.
0.	0.	0.	0.	0.	0.	0.	0.	0.	0.	0.	0.	0.	0.	9.486832980505138	0.	0.	0.	0.	0.	10.	0.	0.	0.	-7.312316167176008e-15	0.	0.	0.	-2.2901033289690062e-15	0.	-1.3165625507162638e-15	0.	1.8873791418627712e-15
0.	-9.992007221626409e-16	0.	-9.43689570931383e-16	0.	0.	-9.668684514572716e-16	-6.923426251747899e-16	0.	0.	-2.1268380667174713e-15	0.	0.	0.	0.	2.449489742783178	-2.4805576173783003e-15	0.	0.	0.	0.	7.	0.	0.	0.	4.47213595499958	0.	0.	0.	0.	0.	0.	0.
0.	0.	0.	0.	0.	0.	0.	5.087681048627602e-16	0.	0.	0.	-1.7863596627812535e-15	0.	0.	0.	0.	6.48074069840786	-3.1086244689504387e-15	0.	0.	0.	0.	14.999999999999998	0.	0.	2.035072419451041e-15	8.485281374238571	0.	0.	3.542710855419498e-15	0.	-7.105427357601003e-15	0.
0.	0.	4.440892098500626e-16	0.	0.	1.2212453270876718e-15	0.	0.	2.501377453898231e-15	3.620867175506879e-16	0.	0.	0.	3.482863985934735e-17	0.	0.	0.	0.	-3.4641016151377544	-9.970435883949048e-16	0.	0.	0.	9.000000000000002	0.	0.	0.	-5.477225575051662	0.	0.	0.	0.	0.
0.	0.	0.	0.	0.	0.	0.	0.	0.	-3.6960992735456596e-15	0.	0.	0.	0.	-2.2181350889192916e-15	0.	0.	0.	0.	7.483314773547884	-7.119262046273236e-15	0.	0.	0.	17.000000000000007	0.	0.	-8.409830135922015e-15	9.48683298050514	0.	2.4482680550028985e-15	0.	-2.1228202653765998e-14
0.	0.	0.	-8.619696093004294e-16	0.	0.	0.	-1.0547118733938981e-15	0.	0.	1.832696531604939e-15	-3.426209929525236e-15	0.	0.	0.	0.	2.4359542712908743e-15	0.	0.	0.	0.	4.47213595499958	1.6708815427088611e-15	0.	0.	11.	0.	0.	0.	6.48074069840786	0.	0.	0.
0.	0.	0.	0.	0.	0.	0.	0.	0.	0.	0.	5.55111512312578e-16	0.	0.	0.	0.	0.	-2.9831756714991715e-15	0.	0.	0.	0.	8.485281374238571	0.	0.	0.	19.000000000000004	0.	0.	8.548717289613705e-15	0.	-1.8440996568965125e-15	0.
0.	0.	0.	0.	0.	1.6400498459874994e-16	0.	0.	0.	2.775557561562901e-16	0.	0.	0.	-3.015539524464214e-15	4.727710015946023e-16	0.	0.	0.	0.	-4.6150352977973625e-15	0.	0.	0.	-5.477225575051661	-8.268667032981829e-15	0.	0.	13.000000000000002	0.	0.	7.4833147735478835	0.	0.
0.	0.	0.	0.	0.	0.	0.	0.	0.	0.	0.	0.	0.	0.	3.409295505074557e-15	0.	0.	0.	0.	0.	-2.3551386880256603e-15	0.	0.	0.	9.48683298050514	0.	0.	0.	10.000000000000002	0.	1.651684453998752e-14	0.	-6.652887302644027e-15
0.	0.	0.	0.	0.	0.	0.	1.6386480673253958e-15	0.	0.	0.	-1.6930901125533633e-15	0.	0.	0.	0.	1.393900316121312e-16	1.83023389491039e-15	0.	0.	0.	0.	4.43762390705839e-15	0.	0.	6.480740698407861	8.763337562185264e-15	0.	0.	15.000000000000004	0.	8.485281374238573	0.
0.	0.	0.	0.	0.	0.	0.	0.	0.	-1.7763568394002505e-15	0.	0.	0.	0.	-3.552713678800501e-15	0.	0.	0.	0.	6.43997621219622e-15	-1.9728386179409864e-15	0.	0.	0.	2.1121122544797812e-15	0.	0.	7.4833147735478835	1.6116958425355555e-14	0.	17.000000000000004	0.	9.48683298050514
0.	0.	0.	0.	0.	0.	0.	0.	0.	0.	0.	-8.881784197001252e-16	0.	0.	0.	0.	0.	3.552713678800501e-15	0.	0.	0.	0.	-7.027230857917648e-15	0.	0.	0.	-2.550993144308424e-15	0.	0.	8.485281374238573	0.	19.000000000000004	0.
0.	0.	0.	0.	0.	0.	0.	0.	0.	0.	0.	0.	0.	0.	8.881784197001252e-16	0.	0.	0.	0.	0.	1.6653345369377395e-15	0.	0.	0.	-2.026775236146189e-14	0.	0.	0.	-6.273833451850618e-15	0.	9.486832980505138	0.	10.
0	3	0	3
1.	0.	1.4142135623730951	0.	0.	0.	0.	0.	0.	0.	0.
0.	3.	0.	2.449489742783178	0.	0.	0.	0.	0.	0.	0.
1.4142135623730951	0.	5.	0.	3.4641016151377544	0.	0.	0.	0.	0.	0.
0.	2.449489742783178	0.	7.	0.	4.47213595499958	0.	0.	0.	0.	0.
0.	0.	3.4641016151377544	0.	9.	0.	5.477225575051661	0.	0.	0.	0.
0.	0.	0.	4.47213595499958	0.	11.	0.	6.48074069840786	0.	0.	0.
0.	0.	0.	0.	5.477225575051661	0.	13.	0.	7.483314773547883	0.	0.
0.	0.	0.	0.	0.	6.48074069840786	0.	15.	0.	8.485281374238571	0.
0.	0.	0.	0.	0.	0.	7.483314773547883	0.	17.	0.	9.486832980505138
0.	0.	0.	0.	0.	0.	0.	8.485281374238571	0.	19.	0.
0.	0.	0.	0.	0.	0.	0.	0.	9.486832980505138	0.	10.
1	2	1	2
1.	0.	1.4142135623730951	0.	1.0146536357569526e-17	0.	0.	0.	-4.598694340586184e-17	0.	0.	0.	0.	0.	0.	0.	0.	0.	0.	0.	0.	0.
0.	3.	0.	2.449489742783178	0.	0.	-4.806501386148017e-17	0.	0.	0.	7.110298781051534e-17	0.	0.	0.	0.	0.	0.	0.	0.	0.	0.	0.
1.4142135623730951	0.	5.	0.	-4.598694340586184e-17	3.4641016151377544	0.	0.	1.2923730472203638e-16	0.	0.	0.	-1.0747667733722046e-16	0.	0.	0.	0.	0.	0.	0.	0.	0.
0.	2.449489742783178	0.	6.999999999999999	0.	0.	7.110298781051534e-17	4.47213595499958	0.	0.	-1.375495865445097e-16	0.	0.	0.	1.719647139640768e-16	0.	0.	0.	0.	0.	0.	0.
1.0146536357569526e-17	0.	0.	0.	1.	0.	0.	0.	1.4142135623730951	0.	0.	0.	0.	0.	0.	0.	0.	0.	0.	0.	0.	0.
0.	0.	3.4641016151377544	0.	0.	9.	0.	0.	-1.0747667733722046e-16	5.477225575051661	0.	0.	-1.441950415844405e-16	0.	0.	0.	1.7332971806902435e-16	0.	0.	0.	0.	0.
0.	3.043960907270858e-17	0.	3.5815965040536475e-17	0.	0.	3.	0.	0.	0.	2.449489742783178	0.	0.	0.	0.	0.	0.	0.	0.	0.	0.	0.
0.	0.	0.	4.47213595499958	0.	0.	0.	11.	0.	0.	1.719647139640768e-16	6.48074069840786	0.	0.	3.3107276999076043e-17	0.	0.	0.	-1.4145911345975924e-16	0.	0.	0.
0.	0.	5.073268178784763e-17	0.	1.4142135623730951	-6.540617670256912e-17	0.	0.	5.	0.	0.	0.	3.464101615137755	0.	0.	0.	0.	0.	0.	0.	0.	0.
0.	0.	0.	0.	0.	5.477225575051661	0.	0.	0.	13.	0.	0.	1.7332971806902435e-16	7.483314773547883	0.	0.	-4.176273878909174e-16	0.	0.	9.788919629070961e-17	0.	0.
0.	3.5815965040536475e-17	0.	-5.90449636103209e-17	0.	0.	2.449489742783178	1.3489985884316172e-16	0.	0.	6.999999999999999	0.	0.	0.	4.472135954999579	0.	0.	0.	0.	0.	0.	0.
0.	0.	0.	0.	0.	0.	0.	6.48074069840786	0.	0.	0.	14.999999999999998	0.	0.	-1.4145911345975924e-16	8.485281374238571	0.	0.	-5.004665055340161e-16	0.	2.6014143622661526e-16	0.
0.	0.	-6.540617670256912e-17	0.	0.	-2.226996645186293e-16	0.	0.	3.464101615137755	5.736068131085355e-17	0.	0.	9.	0.	0.	0.	5.477225575051661	0.	0.	0.	0.	0.
0.	0.	0.	0.	0.	0.	0.	0.	0.	7.483314773547883	0.	0.	0.	17.	0.	0.	9.788919629070961e-17	9.486832980505138	0.	-6.302275072388429e-17	0.	2.541818906976246e-16
0.	0.	0.	1.3489985884316172e-16	0.	0.	0.	4.256303916700198e-16	0.	0.	4.472135954999579	-2.219023484900939e-17	0.	0.	11.	0.	0.	0.	6.48074069840786	0.	0.	0.
0.	0.	0.	0.	0.	0.	0.	0.	0.	0.	0.	8.485281374238571	0.	0.	0.	19.	0.	0.	2.6014143622661526e-16	0.	7.423165513331422e-16	0.
0.	0.	0.	0.	0.	5.736068131085355e-17	0.	0.	0.	-1.821135190883512e-16	0.	0.	5.477225575051661	1.3845137516899901e-16	0.	0.	13.000000000000002	0.	0.	7.483314773547883	0.	0.
0.	0.	0.	0.	0.	0.	0.	0.	0.	0.	0.	0.	0.	9.486832980505138	0.	0.	0.	10.	0.	2.541818906976246e-16	0.	2.5847460944407276e-16
0.	0.	0.	0.	0.	0.	0.	-2.219023484900939e-17	0.	0.	0.	4.662165371002979e-16	0.	0.	6.48074069840786	2.220446049250313e-16	0.	0.	15.	0.	8.485281374238571	0.
0.	0.	0.	0.	0.	0.	0.	0.	0.	1.3845137516899901e-16	0.	0.	0.	-1.4152737365807309e-16	0.	0.	7.483314773547883	1.3745862819695271e-16	0.	17.	0.	9.486832980505138
0.	0.	0.	0.	0.	0.	0.	0.	0.	0.	0.	2.220446049250313e-16	0.	0.	0.	5.06802682530576e-16	0.	0.	8.485281374238571	0.	18.999999999999996	0.
0.	0.	0.	0.	0.	0.	0.	0.	0.	0.	0.	0.	0.	1.3745862819695271e-16	0.	0.	0.	1.0146536357569526e-16	0.	9.486832980505138	0.	10.
2	1	2	1
1.	0.	1.4142135623730951	0.	0.	0.	0.	0.	0.	0.	0.
0.	3.	0.	2.449489742783178	0.	0.	0.	0.	0.	0.	0.
1.4142135623730951	0.	5.	0.	3.4641016151377544	0.	0.	0.	0.	0.	0.
0.	2.449489742783178	0.	7.	0.	4.47213595499958	0.	0.	0.	0.	0.
0.	0.	3.4641016151377544	0.	9.	0.	5.477225575051661	0.	0.	0.	0.
0.	0.	0.	4.47213595499958	0.	11.	0.	6.48074069840786	0.	0.	0.
0.	0.	0.	0.	5.477225575051661	0.	13.	0.	7.483314773547883	0.	0.
0.	0.	0.	0.	0.	6.48074069840786	0.	15.	0.	8.485281374238571	0.
0.	0.	0.	0.	0.	0.	7.483314773547883	0.	17.	0.	9.486832980505138
0.	0.	0.	0.	0.	0.	0.	8.485281374238571	0.	19.	0.
0.	0.	0.	0.	0.	0.	0.	0.	9.486832980505138	0.	10.
# Discretization tables:
z
39
0.54528747084262258072
0.41550946829175445321
0.32189917767609217007
0.24026940945817134999
0.17491491876878190148
0.1255632919492425567
0.089470825293627291865
0.063510869308076484098
0.044996379470179667096
0.031848263486986543262
0.02253110983902918545
0.015935788517226129833
0.011269679355652260707
0.0079693530232529236137
0.005635355527382067776
0.0039848589093791197289
0.002817742254109916536
0.0019924522560394299813
0.0014088791886456154369
0.00099622897823941393816
0.00070444060203064941139
0.00049811484539876202341
0.00035222042697908646776
0.00024905746723431266512
0.00017611022923502225261
0.0001245287391840243446
0.000088055116585696278598
0.000062264370287870722409
0.000044027558538871291928
0.000031132185230917681487
0.000022013779300188540311
0.000015566092626331630826
0.000011006889653938381957
7.783046314524914175e-6
5.5034448274497049542e-6
3.8915231574323444327e-6
2.7517224137849167241e-6
1.9457615787374081344e-6
1.375861206899966393e-6
9.728807893713585569e-7
39
0.e-999
0.e-998
0.e-997
0.e-997
0.e-996
0.e-995
0.e-994
0.e-993
0.e-992
0.e-991
0.e-991
0.e-990
0.e-989
0.e-988
0.e-987
0.e-986
0.e-986
0.e-985
0.e-984
0.e-983
0.e-982
0.e-981
0.e-981
0.e-980
0.e-979
0.e-978
0.e-977
0.e-976
0.e-975
0.e-975
0.e-974
0.e-973
0.e-972
0.e-971
0.e-970
0.e-970
0.e-969
0.e-968
0.e-967
0.e-966
