#               T           <Sz^2>              <Q>            <Q^2>              <E>            <E^2>                C                F                S 
      1.020139447     0.2425066159  2.116739935e-17     0.9700264637      1.201401474      1.870571702     0.4272062008     -3.736710415      4.938111888 
     0.7213475204     0.3302057443  3.618938435e-17      1.320822977      1.758113708      4.268992384      1.178028573     -4.116697552       5.87481126 
     0.5100697233     0.3932992889  1.373605391e-16      1.573197156      2.486970928      8.370571429      2.185547032     -4.013955709      6.500926637 
     0.3606737602      0.423154113  4.598171356e-16      1.692616452      2.692008844      10.55839233      3.311480716     -4.020778664      6.712787508 
     0.2550348616     0.4278301377    1.9228416e-15      1.711320551      3.025922227      13.26783437      4.111629051     -3.534599661      6.560521887 
     0.1803368801     0.4201573583  6.342297936e-15      1.680629433      2.723434074      11.81264799       4.39555484     -3.474819689      6.198253763 
     0.1275174308     0.4093207219  9.493880987e-15      1.637282888      2.834467413      12.43968821      4.405482695     -2.953991229      5.788458642 
    0.09016844006     0.3979084481   1.08434898e-14      1.591633792      2.377590277      9.891279825      4.238344298     -3.020994119      5.398584396 
    0.06375871541     0.3874053128  7.642001754e-15      1.549621251       2.49790267      10.26338462      4.023866872     -2.581010033      5.078912703 
    0.04508422003      0.378278691  6.533991724e-15      1.513114764      2.062707264      8.009913219      3.755151964     -2.784961042      4.847668305 
    0.03187935771     0.3708714485  4.099742647e-15      1.483485794      2.291828306      8.812440388      3.559963405      -2.41453956      4.706367866 
    0.02254211001     0.3650718186  2.248286818e-15      1.460287274      1.929710378      7.155117791      3.431335648     -2.689950954      4.619661332 
    0.01593967885     0.3607395297  -9.15137922e-16      1.442958119      2.222017358      8.318634311      3.381273171     -2.341266396      4.563283754 
    0.01127105501     0.3576574811 -5.964916819e-15      1.430629924      1.878783514      6.878593289      3.348765797     -2.644422377      4.523205891 
   0.007969839427     0.3553342293 -1.113999438e-14      1.421336917      2.189356462      8.113249772      3.319968054     -2.303833451      4.493189913 
   0.005635527503     0.3537225534 -1.476205708e-14      1.414890213      1.850380972       6.71450405      3.290594307     -2.620934266      4.471315239 
   0.003984919713     0.3525885752 -1.741626053e-14      1.410354301      2.172541453      8.008838727      3.288902362      -2.28485357      4.457395023 
   0.002817763752      0.351778316  -1.96287582e-14      1.407113264       1.83667472      6.641040655      3.267666627     -2.609197051      4.445871772 
   0.001992459857     0.3512073155 -2.310349196e-14      1.404829262      2.164022929      7.955832995      3.272837759     -2.275320189      4.439343117 
   0.001408881876     0.3508014969  -2.55065562e-14      1.403205988      1.829795689      6.604285768      3.256133503      -2.60332231      4.433117999 
  0.0009962299283     0.3505154135 -2.707756381e-14      1.402061654      2.159747061      7.929218343      3.264710975     -2.270546602      4.430293663 
  0.0007044409379     0.3503145242 -2.745902107e-14      1.401258097      1.826371786      6.586248201        3.2506143     -2.600385722      4.426757508 
  0.0004981149642     0.3501692437 -2.646319663e-14      1.400676975      2.157606113      7.915890619      3.260626478     -2.268158564      4.425764677 
   0.000352220469     0.3500709402 -2.645254761e-14      1.400283761      1.824657807      6.577218131       3.24784202     -2.598917334       4.42357514 
  0.0002490574821     0.3499961928 -2.588362322e-14      1.399984771      2.156537742      7.909249853      3.258594819     -2.266964729      4.423502471 
  0.0001761102345     0.3499491317 -2.767586606e-14      1.399796527      1.823800458      6.572701741       3.24645363     -2.598183149      4.421983607 
   0.000124528741     0.3499105508  -3.00849756e-14      1.399642203      2.156029181      7.906308106      3.257846275     -2.266370251      4.422399432 
  8.805511724e-05      0.349888225 -3.234021397e-14        1.3995529      1.823371713      6.570443393      3.245758989     -2.597816064      4.421187777 
  6.226437052e-05     0.3498672643 -3.490993334e-14      1.399469057      2.155761319      7.904640501      3.257333638     -2.266071644      4.421832962 
  4.402755862e-05     0.3498577691 -3.798096402e-14      1.399431077      1.823157282      6.569313673      3.245411197     -2.597632518      4.420789801 
  3.113218526e-05     0.3498456206 -3.950515124e-14      1.399382482      2.155627389      7.903806772      3.257077331     -2.265922338      4.421549728 
  2.201377931e-05      0.349842541 -4.106399589e-14      1.399370164      1.823050061      6.568748785       3.24523726     -2.597540746      4.420590807 
  1.556609263e-05     0.3498347986 -4.524347417e-14      1.399339194      2.155560425      7.903389921      3.256949178     -2.265847685       4.42140811 
  1.100688966e-05     0.3498349269 -4.615707781e-14      1.399339708      1.822996449      6.568466334      3.245150281      -2.59749486       4.42049131 
  7.783046315e-06     0.3498293876 -4.635035392e-14       1.39931755      2.155526942      7.903181499        3.2568851     -2.265810359      4.421337301 
  5.503444828e-06     0.3498311199 -4.483423447e-14      1.399324479      1.822969643      6.568325107      3.245106788     -2.597471918       4.42044156 
  3.891523157e-06     0.3498266821 -4.294390364e-14      1.399306728      2.155510201      7.903077289      3.256853061     -2.265791695      4.421301897 
  2.751722414e-06     0.3498292163 -4.058210825e-14      1.399316865       1.82295624      6.568254493      3.245085042     -2.597460446      4.420416686 
  1.945761579e-06     0.3498253293 -3.809607011e-14      1.399301317      2.155501831      7.903025184      3.256837042     -2.265782364      4.421284194 
  1.375861207e-06     0.3498282646   -3.5717451e-14      1.399313058      1.822949538      6.568219186      3.245074168      -2.59745471      4.420404248 
