#               T           <Sz^2>              <Q>            <Q^2>              <E>            <E^2>                C                F                S 
      1.020139447            0.125                0              0.5                0                0                0     -1.386294361      1.386294361 
     0.7213475204     0.2174308635  1.190184131e-17      0.869723454     0.9661702869      1.430469854     0.4969848308     -1.539890804      2.506061091 
     0.5100697233     0.2890607166    4.9430259e-17      1.156242866      1.112039538      2.422102919      1.185470984     -2.313245734      3.425285272 
     0.3606737602     0.3292913665  4.585747681e-17      1.317165466      1.872251553      5.591740777        2.0864149     -2.154655393      4.026906946 
     0.2550348616     0.3451823083  2.611520453e-16      1.380729233      1.745309352      5.880238713       2.83413398     -2.572612155      4.317921506 
     0.1803368801     0.3488788526  9.152136986e-16       1.39551541       2.14946431      7.814106885      3.193910066     -2.255148529      4.404612838 
     0.1275174308     0.3495847287 -1.006133011e-15      1.398338915      1.824217048      6.590891738        3.2631239     -2.594776894      4.418993942 
    0.09016844006     0.3497011536 -1.521661159e-15      1.398804614      2.157431779       7.92533962      3.270827738     -2.263519643      4.420951422 
    0.06375871541     0.3498341995 -2.849740055e-15      1.399336798      1.824748506      6.594437495      3.264730385     -2.596924869      4.421673375 
    0.04508422003     0.3498263472  -5.93958111e-15      1.399305389      2.156805581       7.92120475      3.269394434      -2.26528583      4.422091411 
    0.03187935771     0.3498950238 -4.269542813e-15      1.399580095      1.824779727      6.593877011      3.264055959     -2.597455405      4.422235132 
    0.02254211001     0.3498574894 -2.325716541e-15      1.399429958      2.156642103      7.920056412      3.268951252     -2.265727016      4.422369119 
    0.01593967885       0.34991025 -2.448288252e-15         1.399641      1.824787534      6.593736601      3.263887056     -2.597588227      4.422375761 
    0.01127105501      0.349865333  -1.89962741e-15      1.399461332      2.156603084      7.919798322       3.26886146      -2.26583749      4.422440574 
   0.007969839427     0.3499140577 -4.195040212e-15      1.399656231      1.824789487      6.593701494      3.263844824     -2.597621444      4.422410931 
   0.005635527503     0.3498672941 -4.326461293e-15      1.399469176      2.156593331      7.919733804       3.26883901     -2.265865109       4.42245844 
   0.003984919713     0.3499150097 -6.962708255e-15      1.399660039      1.824789975      6.593692716      3.263834264     -2.597629749      4.422419723 
   0.002817763752     0.3498677843 -1.111374511e-14      1.399471137      2.156590892      7.919717674      3.268833397     -2.265872014      4.422462906 
   0.001992459857     0.3499152477 -1.908791624e-14      1.399660991      1.824790097       6.59369052      3.263831624     -2.597631825      4.422421922 
   0.001408881876     0.3498679069 -2.677734581e-14      1.399471628      2.156590283      7.919713642      3.268831994      -2.26587374      4.422464023 
  0.0009962299283     0.3499153072 -3.281871573e-14      1.399661229      1.824790127      6.593689971      3.263830964     -2.597632344      4.422422471 
  0.0007044409379     0.3498679375 -3.719887572e-14       1.39947175       2.15659013      7.919712633      3.268831643     -2.265874172      4.422464302 
  0.0004981149642     0.3499153221 -4.065399434e-14      1.399661288      1.824790135      6.593689834      3.263830799     -2.597632474      4.422422608 
   0.000352220469     0.3498679452 -4.339670081e-14      1.399471781      2.156590092      7.919712381      3.268831555     -2.265874279      4.422464372 
  0.0002490574821     0.3499153258 -4.787368016e-14      1.399661303      1.824790136        6.5936898      3.263830757     -2.597632506      4.422422643 
  0.0001761102345     0.3498679471 -4.983117393e-14      1.399471788      2.156590083      7.919712318      3.268831533     -2.265874306      4.422464389 
   0.000124528741     0.3499153267 -5.275672693e-14      1.399661307      1.824790137      6.593689791      3.263830747     -2.597632514      4.422422651 
  8.805511724e-05     0.3498679476 -5.274819633e-14       1.39947179       2.15659008      7.919712302      3.268831528     -2.265874313      4.422464393 
  6.226437052e-05      0.349915327 -5.385451715e-14      1.399661308      1.824790137      6.593689789      3.263830744     -2.597632516      4.422422653 
  4.402755862e-05     0.3498679477 -5.126217136e-14      1.399471791       2.15659008      7.919712298      3.268831526     -2.265874315      4.422464395 
  3.113218526e-05      0.349915327 -4.931451984e-14      1.399661308      1.824790137      6.593689788      3.263830744     -2.597632517      4.422422654 
  2.201377931e-05     0.3498679477 -5.087292708e-14      1.399471791       2.15659008      7.919712297      3.268831526     -2.265874315      4.422464395 
  1.556609263e-05     0.3499153271 -5.432362486e-14      1.399661308      1.824790137      6.593689788      3.263830744     -2.597632517      4.422422654 
  1.100688966e-05     0.3498679477 -5.685891979e-14      1.399471791       2.15659008      7.919712297      3.268831526     -2.265874315      4.422464395 
  7.783046315e-06     0.3499153271 -6.355615167e-14      1.399661308      1.824790137      6.593689788      3.263830744     -2.597632517      4.422422654 
  5.503444828e-06     0.3498679477 -7.255900205e-14      1.399471791       2.15659008      7.919712297      3.268831526     -2.265874315      4.422464395 
  3.891523157e-06     0.3499153271 -7.475033529e-14      1.399661308      1.824790137      6.593689788      3.263830744     -2.597632517      4.422422654 
  2.751722414e-06     0.3498679477 -7.493254073e-14      1.399471791       2.15659008      7.919712297      3.268831526     -2.265874315      4.422464395 
  1.945761579e-06     0.3499153271 -7.292854653e-14      1.399661308      1.824790137      6.593689788      3.263830744     -2.597632517      4.422422654 
  1.375861207e-06     0.3498679477 -7.089812557e-14      1.399471791       2.15659008      7.919712297      3.268831526     -2.265874315      4.422464395 
  9.728807894e-07     0.3499153271  -6.33983669e-14      1.399661308      1.824790137      6.593689788      3.263830744     -2.597632517      4.422422654 
  6.879306035e-07     0.3498679477 -6.009370229e-14      1.399471791       2.15659008      7.919712297      3.268831526     -2.265874315      4.422464395 
  4.864403947e-07     0.3499153271 -5.632815263e-14      1.399661308      1.824790137      6.593689788      3.263830744     -2.597632517      4.422422654 
  3.439653017e-07     0.3498679477 -5.405715727e-14      1.399471791       2.15659008      7.919712297      3.268831526     -2.265874315      4.422464395 
  2.432201973e-07     0.3499153271 -5.335895641e-14      1.399661308      1.824790137      6.593689788      3.263830744     -2.597632517      4.422422654 
  1.719826509e-07     0.3498679477 -4.988426226e-14      1.399471791       2.15659008      7.919712297      3.268831526     -2.265874315      4.422464395 
  1.216100987e-07     0.3499153271 -4.645944034e-14      1.399661308      1.824790137      6.593689788      3.263830744     -2.597632517      4.422422654 
  8.599132543e-08     0.3498679477  -4.26604343e-14      1.399471791       2.15659008      7.919712297      3.268831526     -2.265874315      4.422464395 
  6.080504934e-08     0.3499153271 -4.115198454e-14      1.399661308      1.824790137      6.593689788      3.263830744     -2.597632517      4.422422654 
  4.299566272e-08     0.3498679477 -4.363889399e-14      1.399471791       2.15659008      7.919712297      3.268831526     -2.265874315      4.422464395 
  3.040252467e-08     0.3499153271 -4.874202714e-14      1.399661308      1.824790137      6.593689788      3.263830744     -2.597632517      4.422422654 
  2.149783136e-08     0.3498679477 -5.474619159e-14      1.399471791       2.15659008      7.919712297      3.268831526     -2.265874315      4.422464395 
  1.520126233e-08     0.3499153271 -6.079077067e-14      1.399661308      1.824790137      6.593689788      3.263830744     -2.597632517      4.422422654 
  1.074891568e-08     0.3498679477 -6.529700802e-14      1.399471791       2.15659008      7.919712297      3.268831526     -2.265874315      4.422464395 
  7.600631167e-09     0.3499153271 -6.956510136e-14      1.399661308      1.824790137      6.593689788      3.263830744     -2.597632517      4.422422654 
  5.374457839e-09     0.3498679477 -7.249316553e-14      1.399471791       2.15659008      7.919712297      3.268831526     -2.265874315      4.422464395 
  3.800315583e-09     0.3499153271 -7.296135454e-14      1.399661308      1.824790137      6.593689788      3.263830744     -2.597632517      4.422422654 
   2.68722892e-09     0.3498679477 -7.341448508e-14      1.399471791       2.15659008      7.919712297      3.268831526     -2.265874315      4.422464395 
  1.900157792e-09     0.3499153271 -6.907555204e-14      1.399661308      1.824790137      6.593689788      3.263830744     -2.597632517      4.422422654 
   1.34361446e-09     0.3498679477 -6.361124044e-14      1.399471791       2.15659008      7.919712297      3.268831526     -2.265874315      4.422464395 
  9.500788959e-10     0.3499153271 -5.627754001e-14      1.399661308      1.824790137      6.593689788      3.263830744     -2.597632517      4.422422654 
  6.718072299e-10     0.3498679477 -5.452619507e-14      1.399471791       2.15659008      7.919712297      3.268831526     -2.265874315      4.422464395 
  4.750394479e-10     0.3499153271 -5.453855349e-14      1.399661308      1.824790137      6.593689788      3.263830744     -2.597632517      4.422422654 
   3.35903615e-10     0.3498679477 -5.867151329e-14      1.399471791       2.15659008      7.919712297      3.268831526     -2.265874315      4.422464395 
   2.37519724e-10     0.3499153271 -6.043637506e-14      1.399661308      1.824790137      6.593689788      3.263830744     -2.597632517      4.422422654 
  1.679518075e-10     0.3498679477  -6.34996504e-14      1.399471791       2.15659008      7.919712297      3.268831526     -2.265874315      4.422464395 
   1.18759862e-10     0.3499153271  -6.95899325e-14      1.399661308      1.824790137      6.593689788      3.263830744     -2.597632517      4.422422654 
  8.397590374e-11     0.3498679477  -7.48567961e-14      1.399471791       2.15659008      7.919712297      3.268831526     -2.265874315      4.422464395 
  5.937993099e-11     0.3499153271 -7.872999582e-14      1.399661308      1.824790137      6.593689788      3.263830744     -2.597632517      4.422422654 
  4.198795187e-11     0.3498679477 -8.287579517e-14      1.399471791       2.15659008      7.919712297      3.268831526     -2.265874315      4.422464395 
   2.96899655e-11     0.3499153271 -8.674176721e-14      1.399661308      1.824790137      6.593689788      3.263830744     -2.597632517      4.422422654 
  2.099397594e-11     0.3498679477 -8.919694445e-14      1.399471791       2.15659008      7.919712297      3.268831526     -2.265874315      4.422464395 
  1.484498275e-11     0.3499153271 -8.870805222e-14      1.399661308      1.824790137      6.593689788      3.263830744     -2.597632517      4.422422654 
  1.049698797e-11     0.3498679477 -8.879912332e-14      1.399471791       2.15659008      7.919712297      3.268831526     -2.265874315      4.422464395 
  7.422491374e-12     0.3499153271 -9.044853304e-14      1.399661308      1.824790137      6.593689788      3.263830744     -2.597632517      4.422422654 
  5.248493984e-12     0.3498679477 -9.223834837e-14      1.399471791       2.15659008      7.919712297      3.268831526     -2.265874315      4.422464395 
  3.711245687e-12     0.3499153271 -9.232608653e-14      1.399661308      1.824790137      6.593689788      3.263830744     -2.597632517      4.422422654 
  2.624246992e-12     0.3498679477 -9.341746392e-14      1.399471791       2.15659008      7.919712297      3.268831526     -2.265874315      4.422464395 
  1.855622843e-12     0.3499153271 -9.236206148e-14      1.399661308      1.824790137      6.593689788      3.263830744     -2.597632517      4.422422654 
  1.312123496e-12     0.3498679477 -9.054345543e-14      1.399471791       2.15659008      7.919712297      3.268831526     -2.265874315      4.422464395 
  9.278114217e-13     0.3499153271 -9.005961479e-14      1.399661308      1.824790137      6.593689788      3.263830744     -2.597632517      4.422422654 
   6.56061748e-13     0.3498679477 -8.995138649e-14      1.399471791       2.15659008      7.919712297      3.268831526     -2.265874315      4.422464395 
  4.639057109e-13     0.3499153271 -8.934110103e-14      1.399661308      1.824790137      6.593689788      3.263830744     -2.597632517      4.422422654 
   3.28030874e-13     0.3498679477  -8.68313969e-14      1.399471791       2.15659008      7.919712297      3.268831526     -2.265874315      4.422464395 
  2.319528554e-13     0.3499153271  -8.04432459e-14      1.399661308      1.824790137      6.593689788      3.263830744     -2.597632517      4.422422654 
   1.64015437e-13     0.3498679477 -7.636975314e-14      1.399471791       2.15659008      7.919712297      3.268831526     -2.265874315      4.422464395 
  1.159764277e-13     0.3499153271  -7.81800493e-14      1.399661308      1.824790137      6.593689788      3.263830744     -2.597632517      4.422422654 
   8.20077185e-14     0.3498679477 -8.033190264e-14      1.399471791       2.15659008      7.919712297      3.268831526     -2.265874315      4.422464395 
  5.798821386e-14     0.3499153271 -7.811440288e-14      1.399661308      1.824790137      6.593689788      3.263830744     -2.597632517      4.422422654 
  4.100385925e-14     0.3498679477 -7.313760746e-14      1.399471791       2.15659008      7.919712297      3.268831526     -2.265874315      4.422464395 
  2.899410693e-14     0.3499153271 -6.654594521e-14      1.399661308      1.824790137      6.593689788      3.263830744     -2.597632517      4.422422654 
  2.050192962e-14     0.3498679477 -6.149072972e-14      1.399471791       2.15659008      7.919712297      3.268831526     -2.265874315      4.422464395 
  1.449705346e-14     0.3499153271 -5.605175248e-14      1.399661308      1.824790137      6.593689788      3.263830744     -2.597632517      4.422422654 
  1.025096481e-14     0.3498679477 -5.203806891e-14      1.399471791       2.15659008      7.919712297      3.268831526     -2.265874315      4.422464395 
  7.248526732e-15     0.3499153271 -5.174304635e-14      1.399661308      1.824790137      6.593689788      3.263830744     -2.597632517      4.422422654 
  5.125482406e-15     0.3498679477 -4.869812533e-14      1.399471791       2.15659008      7.919712297      3.268831526     -2.265874315      4.422464395 
  3.624263366e-15     0.3499153271 -4.052897194e-14      1.399661308      1.824790137      6.593689788      3.263830744     -2.597632517      4.422422654 
  2.562741203e-15     0.3498679477 -3.601858615e-14      1.399471791       2.15659008      7.919712297      3.268831526     -2.265874315      4.422464395 
  1.812131683e-15     0.3499153271 -2.909037688e-14      1.399661308      1.824790137      6.593689788      3.263830744     -2.597632517      4.422422654 
  1.281370602e-15     0.3498679477 -2.253395667e-14      1.399471791       2.15659008      7.919712297      3.268831526     -2.265874315      4.422464395 
