#               1 
#               T 
      1.907716987 
      1.206546162 
     0.7630867946 
     0.4826184647 
     0.3052347178 
     0.1930473859 
     0.1220938871 
    0.07721895435 
    0.04883755486 
    0.03088758174 
    0.01953502194 
     0.0123550327 
   0.007814008777 
   0.004942013078 
   0.003125603511 
   0.001976805231 
   0.001250241404 
  0.0007907220925 
  0.0005000965617 
   0.000316288837 
  0.0002000386247 
  0.0001265155348 
  8.001544988e-05 
  5.060621392e-05 
  3.200617995e-05 
  2.024248557e-05 
  1.280247198e-05 
  8.096994227e-06 
  5.120988792e-06 
  3.238797691e-06 
  2.048395517e-06 
  1.295519076e-06 
  8.193582067e-07 
  5.182076306e-07 
  3.277432827e-07 
  2.072830522e-07 
  1.310973131e-07 
  8.291322089e-08 
  5.243892523e-08 
  3.316528836e-08 
  2.097557009e-08 
  1.326611534e-08 
  8.390228037e-09 
  5.306446137e-09 
  3.356091215e-09 
  2.122578455e-09 
  1.342436486e-09 
  8.490313819e-10 
  5.369745944e-10 
  3.396125528e-10 
  2.147898377e-10 
  1.358450211e-10 
   8.59159351e-11 
  5.433800844e-11 
  3.436637404e-11 
  2.173520338e-11 
  1.374654962e-11 
  8.694081351e-12 
  5.498619846e-12 
   3.47763254e-12 
  2.199447938e-12 
  1.391053016e-12 
  8.797791754e-13 
  5.564212064e-13 
  3.519116702e-13 
  2.225684826e-13 
  1.407646681e-13 
  8.902739303e-14 
  5.630586723e-14 
  3.561095721e-14 
  2.252234689e-14 
  1.424438289e-14 
  9.008938756e-15 
  5.697753154e-15 
  3.603575502e-15 
  2.279101262e-15 
  1.441430201e-15 
