# Input file for NRG Ljubljana
# symtype 	QS
# Using sneg version 	1.251
#!9
# Number of channels, chain sites, subspaces: 
1	76	6
# SCALE 	1.9077169865465575
# Energies (GS energy subtracted, multiplied by 1/SCALE):
-2	1
1
0.02620933836234925
-1	2
2
0.	0.02620933836234925
0	1
3
0.	0.02620933836234925	0.02620933836234925
0	3
1
0.
1	2
2
0.	0.02620933836234925
2	1
1
0.02620933836234925
# Irreducible matrix elements for Wilson chains:
f 0 0
6
2	1	1	2
0.	1.4142135623730951
1	2	0	3
1.224744871391589
0.
1	2	0	1
-0.7071067811865475	0.	0.
0.	1.	0.
0	3	-1	2
1.	0.
0	1	-1	2
1.	0.
0.	0.
0.	1.4142135623730951
-1	2	-2	1
0.
1.
# GS energy in absolute units:
e
0.
# Irreducible matrix elements for other operators:
# Discretization tables:
z
76
0.5910777847439129293
0.58604342365914348258
0.54873478172698295386
0.35623672223444879465
0.20316771789893409877
0.12362597745145557335
0.077523706774363876589
0.048909197204696083228
0.030905252681059576059
0.019539449219368012729
0.012356148442218242759
0.007814290611687963841
0.0049420843342010059345
0.0031256215328560363441
0.0019768097901504101433
0.0012502425575606988814
0.00079072238427819563504
0.00050009663552813918835
0.00031628885568341303563
0.00020003862941212809832
0.00012651553599964512521
0.000080015450177713478312
0.000050606213998340612415
0.000032006179969508640196
0.000020242485573639135591
0.000012802471981302544678
8.0969942278110393043e-6
5.1209887921049595482e-6
3.2387976910191603668e-6
2.0483955168153560867e-6
1.295519076400927804e-6
8.193582067244382598e-7
5.1820763055993999567e-7
3.2774328268966623673e-7
2.0728305222394840621e-7
1.3109731307585951439e-7
8.2913220889577596591e-8
5.2438925230343359017e-8
3.3165288355830925619e-8
2.0975570092137315015e-8
1.3266115342332363015e-8
8.3902280368549241763e-9
5.3064461369329447429e-9
3.3560912147419695534e-9
2.1225784547731778675e-9
1.3424364858967878139e-9
8.4903138190927114512e-10
5.3697459435871512507e-10
3.3961255276370845793e-10
2.1478983774348605e-10
1.3584502110548338316e-10
8.5915935097394419997e-11
5.4338008442193353265e-11
3.4366374038957767999e-11
2.1735203376877341306e-11
1.3746549615583107199e-11
8.6940813507509365224e-12
5.4986198462332428798e-12
3.4776325403003746089e-12
2.1994479384932971519e-12
1.3910530161201498436e-12
8.7977917539731886077e-13
5.5642120644805993743e-13
3.5191167015892754431e-13
2.2256848257922397497e-13
1.4076466806357101772e-13
8.9027393031689589989e-14
5.6305867225428407089e-14
3.5610957212675835996e-14
2.2522346890171362836e-14
1.4244382885070334398e-14
9.0089387560685451342e-15
5.6977531540281337593e-15
3.6035755024274180537e-15
2.2791012616112535037e-15
1.4414302009709672215e-15
9.1164050464450140149e-16
76
0.e-999
0.e-998
0.e-997
0.e-997
0.e-996
0.e-995
0.e-994
0.e-993
0.e-992
0.e-991
0.e-991
0.e-990
0.e-989
0.e-988
0.e-987
0.e-986
0.e-985
0.e-985
0.e-984
0.e-983
0.e-982
0.e-981
0.e-980
0.e-979
0.e-978
0.e-978
0.e-977
0.e-976
0.e-975
0.e-974
0.e-973
0.e-972
0.e-972
0.e-971
0.e-970
0.e-969
0.e-968
0.e-967
0.e-966
0.e-966
0.e-965
0.e-964
0.e-963
0.e-962
0.e-961
0.e-960
0.e-959
0.e-959
0.e-958
0.e-957
0.e-956
0.e-955
0.e-954
0.e-953
0.e-953
0.e-952
0.e-951
0.e-950
0.e-949
0.e-948
0.e-947
0.e-946
0.e-946
0.e-945
0.e-944
0.e-943
0.e-942
0.e-941
0.e-940
0.e-940
0.e-939
0.e-938
0.e-937
0.e-936
0.e-934
0.e-905
0.e-875
