#               T           <Sz^2>              <Q>            <Q^2>              <E>            <E^2>                C                F                S 
      1.907716987     0.2516379899                0     0.9934480405    0.01293294666   0.000338963975  0.0001717028657     -2.759569917      2.772502863 
      1.206546162     0.3631702008  6.701463241e-17      1.431963467     0.7647685808     0.8114523106     0.2265813284     -3.277408837      4.042177418 
     0.7630867946     0.4423275156  -2.42963861e-16      1.736560106      1.128888307      2.171300006     0.8969111965     -3.898949619      5.027837926 
     0.4826184647     0.4618919708 -4.998189979e-16      1.795813413      1.967622319      5.982066613      2.110529021     -3.462255556      5.429877876 
     0.3052347178     0.4487649331 -2.185060657e-17      1.713338206      1.694866698      5.806482476      2.933909351      -3.66433557      5.359202268 
     0.1930473859     0.4370859364  1.791365342e-15      1.619559183      1.972942973      6.829201262      2.936697286     -3.167053441      5.139996414 
     0.1220938871     0.4413774707  4.573156741e-15      1.563553371      1.563467003      5.080742885      2.636313817     -3.457782747       5.02124975 
    0.07721895435     0.4547109114  9.745948658e-15      1.505935836      1.991655552      6.595885723      2.629193885     -2.991512398       4.98316795 
    0.04883755486     0.4746698691  1.456249584e-14      1.427224487      1.660652931      5.487887386      2.730119229     -3.253510539       4.91416347 
    0.03088758174     0.4992175708  1.613441794e-14      1.327534591      2.036618986      7.039606057      2.891789164      -2.75078414      4.787403126 
    0.01953502194     0.5227802941  1.629713895e-14      1.234572632      1.573341294      5.433922952      2.958520124     -3.020945852      4.594287146 
     0.0123550327     0.5362564567  1.449328811e-14      1.179273819       1.83836798      6.184769297      2.805172469     -2.587250198      4.425618177 
   0.007814008777     0.5403165067  1.439806459e-14      1.164526984      1.400556471      4.554547755      2.592989325     -2.948134256      4.348690727 
   0.004942013078     0.5405524308  1.270803937e-14      1.162284599      1.769917566      5.672334405      2.539726214       -2.5700148      4.339932366 
   0.003125603511     0.5407319892  8.772538332e-15      1.162927957      1.390341417      4.462459051      2.529409795     -2.946510998      4.336852415 
   0.001976805231     0.5405621894  6.328130482e-15      1.162248758      1.769548156      5.667391243      2.536090568     -2.569975311      4.339523466 
   0.001250241404      0.540731942  3.248974482e-15      1.162927768      1.390341368        4.4624596      2.529410481     -2.946510626      4.336851994 
  0.0007907220925     0.5405621678  3.027690949e-15      1.162248671      1.769548309      5.667392137      2.536090919     -2.569974978      4.339523287 
  0.0005000965617      0.540731935  2.784455723e-15       1.16292774      1.390341363      4.462459696       2.52941059      -2.94651057      4.336851933 
   0.000316288837     0.5405621648  2.686856189e-15      1.162248659      1.769548336      5.667392293      2.536090979     -2.569974928      4.339523264 
  0.0002000386247     0.5407319342   2.33490057e-15      1.162927737      1.390341365      4.462459721      2.529410611     -2.946510563      4.336851928 
  0.0001265155348     0.5405621645  7.830884579e-16      1.162248658      1.769548342      5.667392324      2.536090991     -2.569974921      4.339523263 
  8.001544988e-05     0.5407319342 -1.910041101e-16      1.162927737      1.390341366      4.462459729      2.529410616     -2.946510563      4.336851928 
  5.060621392e-05     0.5405621646 -7.019802118e-16      1.162248658      1.769548343      5.667392332      2.536090994     -2.569974921      4.339523264 
  3.200617995e-05     0.5407319342 -1.307511234e-15      1.162927737      1.390341366      4.462459732      2.529410617     -2.946510563      4.336851929 
  2.024248557e-05     0.5405621646 -3.901601916e-15      1.162248658      1.769548343      5.667392334      2.536090995     -2.569974921      4.339523264 
  1.280247198e-05     0.5407319342 -9.659527438e-15      1.162927737      1.390341366      4.462459733      2.529410618     -2.946510563       4.33685193 
  8.096994227e-06     0.5405621646 -1.454974127e-14      1.162248659      1.769548343      5.667392335      2.536090995     -2.569974921      4.339523264 
  5.120988792e-06     0.5407319343 -2.055535758e-14      1.162927737      1.390341367      4.462459733      2.529410618     -2.946510563       4.33685193 
  3.238797691e-06     0.5405621646 -2.488360776e-14      1.162248659      1.769548343      5.667392335      2.536090995     -2.569974921      4.339523265 
  2.048395517e-06     0.5407319343 -2.899205697e-14      1.162927737      1.390341367      4.462459734      2.529410618     -2.946510563       4.33685193 
  1.295519076e-06     0.5405621646 -3.184746024e-14      1.162248659      1.769548343      5.667392335      2.536090995     -2.569974921      4.339523265 
  8.193582067e-07     0.5407319343 -3.337481167e-14      1.162927737      1.390341367      4.462459734      2.529410618     -2.946510563       4.33685193 
  5.182076306e-07     0.5405621646 -3.647666257e-14      1.162248659      1.769548343      5.667392335      2.536090995     -2.569974921      4.339523265 
  3.277432827e-07     0.5407319343 -3.578423071e-14      1.162927737      1.390341367      4.462459734      2.529410618     -2.946510563       4.33685193 
  2.072830522e-07     0.5405621646 -3.310518497e-14      1.162248659      1.769548343      5.667392335      2.536090995     -2.569974921      4.339523265 
  1.310973131e-07     0.5407319343 -2.455166661e-14      1.162927737      1.390341367      4.462459734      2.529410618     -2.946510563       4.33685193 
  8.291322089e-08     0.5405621646 -1.993122236e-14      1.162248659      1.769548343      5.667392335      2.536090995     -2.569974921      4.339523265 
  5.243892523e-08     0.5407319343 -1.620495628e-14      1.162927737      1.390341367      4.462459734      2.529410618     -2.946510563       4.33685193 
  3.316528836e-08     0.5405621646 -1.079350841e-14      1.162248659      1.769548343      5.667392335      2.536090995     -2.569974921      4.339523265 
  2.097557009e-08     0.5407319343 -4.952895576e-15      1.162927737      1.390341367      4.462459734      2.529410618     -2.946510563       4.33685193 
  1.326611534e-08     0.5405621646 -2.504319994e-15      1.162248659      1.769548343      5.667392335      2.536090995     -2.569974921      4.339523265 
  8.390228037e-09     0.5407319343 -1.785457851e-15      1.162927737      1.390341367      4.462459734      2.529410618     -2.946510563       4.33685193 
  5.306446137e-09     0.5405621646 -1.557567006e-15      1.162248659      1.769548343      5.667392335      2.536090995     -2.569974921      4.339523265 
  3.356091215e-09     0.5407319343 -2.493282208e-15      1.162927737      1.390341367      4.462459734      2.529410618     -2.946510563       4.33685193 
  2.122578455e-09     0.5405621646  -6.76541016e-16      1.162248659      1.769548343      5.667392335      2.536090995     -2.569974921      4.339523265 
  1.342436486e-09     0.5407319343 -2.536324225e-16      1.162927737      1.390341367      4.462459734      2.529410618     -2.946510563       4.33685193 
  8.490313819e-10     0.5405621646  -1.74196098e-15      1.162248659      1.769548343      5.667392335      2.536090995     -2.569974921      4.339523265 
  5.369745944e-10     0.5407319343 -3.624484037e-15      1.162927737      1.390341367      4.462459734      2.529410618     -2.946510563       4.33685193 
  3.396125528e-10     0.5405621646 -4.333209896e-15      1.162248659      1.769548343      5.667392335      2.536090995     -2.569974921      4.339523265 
  2.147898377e-10     0.5407319343 -4.357086666e-15      1.162927737      1.390341367      4.462459734      2.529410618     -2.946510563       4.33685193 
  1.358450211e-10     0.5405621646 -4.705591487e-15      1.162248659      1.769548343      5.667392335      2.536090995     -2.569974921      4.339523265 
   8.59159351e-11     0.5407319343 -4.621691002e-15      1.162927737      1.390341367      4.462459734      2.529410618     -2.946510563       4.33685193 
  5.433800844e-11     0.5405621646 -5.764329318e-15      1.162248659      1.769548343      5.667392335      2.536090995     -2.569974921      4.339523265 
  3.436637404e-11     0.5407319343  -5.86623937e-15      1.162927737      1.390341367      4.462459734      2.529410618     -2.946510563       4.33685193 
  2.173520338e-11     0.5405621646 -7.982929544e-15      1.162248659      1.769548343      5.667392335      2.536090995     -2.569974921      4.339523265 
  1.374654962e-11     0.5407319343 -1.113028628e-14      1.162927737      1.390341367      4.462459734      2.529410618     -2.946510563       4.33685193 
  8.694081351e-12     0.5405621646 -1.558957682e-14      1.162248659      1.769548343      5.667392335      2.536090995     -2.569974921      4.339523265 
  5.498619846e-12     0.5407319343 -1.796411684e-14      1.162927737      1.390341367      4.462459734      2.529410618     -2.946510563       4.33685193 
   3.47763254e-12     0.5405621646  -1.76023431e-14      1.162248659      1.769548343      5.667392335      2.536090995     -2.569974921      4.339523265 
  2.199447938e-12     0.5407319343 -1.439075962e-14      1.162927737      1.390341367      4.462459734      2.529410618     -2.946510563       4.33685193 
  1.391053016e-12     0.5405621646 -1.452185877e-14      1.162248659      1.769548343      5.667392335      2.536090995     -2.569974921      4.339523265 
  8.797791754e-13     0.5407319343 -1.295722157e-14      1.162927737      1.390341367      4.462459734      2.529410618     -2.946510563       4.33685193 
  5.564212064e-13     0.5405621646 -1.214872931e-14      1.162248659      1.769548343      5.667392335      2.536090995     -2.569974921      4.339523265 
  3.519116702e-13     0.5407319343 -1.200933768e-14      1.162927737      1.390341367      4.462459734      2.529410618     -2.946510563       4.33685193 
  2.225684826e-13     0.5405621646 -1.308830953e-14      1.162248659      1.769548343      5.667392335      2.536090995     -2.569974921      4.339523265 
  1.407646681e-13     0.5407319343 -1.400236215e-14      1.162927737      1.390341367      4.462459734      2.529410618     -2.946510563       4.33685193 
  8.902739303e-14     0.5405621646 -1.402401294e-14      1.162248659      1.769548343      5.667392335      2.536090995     -2.569974921      4.339523265 
  5.630586723e-14     0.5407319343 -1.299008891e-14      1.162927737      1.390341367      4.462459734      2.529410618     -2.946510563       4.33685193 
  3.561095721e-14     0.5405621646 -1.174045589e-14      1.162248659      1.769548343      5.667392335      2.536090995     -2.569974921      4.339523265 
  2.252234689e-14     0.5407319343 -1.036900036e-14      1.162927737      1.390341367      4.462459734      2.529410618     -2.946510563       4.33685193 
  1.424438289e-14     0.5405621646 -9.366594105e-15      1.162248659      1.769548343      5.667392335      2.536090995     -2.569974921      4.339523265 
  9.008938756e-15     0.5407319343 -8.399471472e-15      1.162927737      1.390341367      4.462459734      2.529410618     -2.946510563       4.33685193 
  5.697753154e-15     0.5405621646 -8.833384416e-15      1.162248659      1.769548343      5.667392335      2.536090995     -2.569974921      4.339523265 
  3.603575502e-15     0.5407319343 -8.040997272e-15      1.162927737      1.390341367      4.462459734      2.529410618     -2.946510563       4.33685193 
  2.279101262e-15     0.5405621646 -1.260064041e-14      1.162248659      1.769548343      5.667392335      2.536090995     -2.569974921      4.339523265 
  1.441430201e-15     0.5407319343 -1.654984905e-14      1.162927737      1.390341367      4.462459734      2.529410618     -2.946510563       4.33685193 
