# Input file for NRG Ljubljana
# symtype 	QS
# Using sneg version 	1.251
#!9
# Number of channels, chain sites, subspaces: 
1	100	3
# SCALE 	1.4426950408889634
# Energies (GS energy subtracted, multiplied by 1/SCALE):
-1	1
1
0.
0	2
1
0.
1	1
1
0.
# Irreducible matrix elements for Wilson chains:
f 0 0
2
1	1	0	2
1.4142135623730951
0	2	-1	1
1.
# GS energy in absolute units:
e
0.
# Irreducible matrix elements for other operators:
# Discretization tables:
z
100
0.59532261153226208887
0.56030996491847209384
0.50644990285060134478
0.37606158633994931035
0.25842361434546656048
0.18029875979099662122
0.12730626222459609245
0.090069517944501919582
0.063720367819795865343
0.045070122950929597148
0.031874282251001541522
0.022540299724427272715
0.015939036044144991454
0.011270827251376298936
0.0079697588166623503
0.0056354989883709224817
0.0039849096289711526636
0.0028177601859238518018
0.0019924585958453647016
0.0014088814300970714576
0.00099622977071068630394
0.00070444088221129135763
0.00049811494445753140934
0.00035222046200164202278
0.00024905747961665447408
0.00017611023361284092549
0.00012452874073181693434
0.000088055117132923588598
0.000062264370481344791865
0.000044027558607274704924
0.000031132185255101940036
0.000022013779308738966912
0.000015566092629354663141
0.000011006889655007185282
7.7830463149027932143e-6
5.5034448275833053696e-6
3.8915231574795793127e-6
2.7517224138016167759e-6
1.9457615787433124946e-6
1.3758612069020538994e-6
9.7288078937209660206e-7
6.879306034511826386e-7
4.8644039468610334538e-7
3.4396530172561078042e-7
2.4322019734305855323e-7
1.7198265086280782285e-7
1.2161009867153013668e-7
8.5991325431404215504e-8
6.080504933576517585e-8
4.2995662715702145762e-8
3.0402524667882601364e-8
2.1497831357851077632e-8
1.5201262333941302362e-8
1.074891567892553941e-8
7.6006311669706513908e-9
5.3744578394627697793e-9
3.8003155834853257217e-9
2.6872289197313848989e-9
1.9001577917426628641e-9
1.3436144598656924506e-9
9.5007889587133143246e-10
6.7180722993284622545e-10
4.7503944793566571628e-10
3.3590361496642311274e-10
2.3751972396783285815e-10
1.6795180748321155637e-10
1.1875986198391642907e-10
8.3975903741605778187e-11
5.9379930991958214537e-11
4.1987951870802889094e-11
2.9689965495979107269e-11
2.0993975935401444547e-11
1.4844982747989553634e-11
1.0496987967700722273e-11
7.4224913739947768172e-12
5.2484939838503611367e-12
3.7112456869973884086e-12
2.6242469919251805684e-12
1.8556228434986942043e-12
1.3121234959625902842e-12
9.2781142174934710215e-13
6.5606174798129514209e-13
4.6390571087467355107e-13
3.2803087399064757104e-13
2.3195285543733677554e-13
1.6401543699532378552e-13
1.1597642771866838777e-13
8.2007718497661892761e-14
5.7988213859334193884e-14
4.1003859248830946381e-14
2.8994106929667096942e-14
2.050192962441547319e-14
1.4497053464833548471e-14
1.0250964812207736595e-14
7.2485267324167742355e-15
5.1254824061038682976e-15
3.6242633662083871178e-15
2.5627412030519341488e-15
1.8121316831041935589e-15
1.2813706015259670744e-15
9.0606584155209677944e-16
100
0.e-999
0.e-998
0.e-997
0.e-997
0.e-996
0.e-995
0.e-994
0.e-993
0.e-992
0.e-991
0.e-991
0.e-990
0.e-989
0.e-988
0.e-987
0.e-986
0.e-986
0.e-985
0.e-984
0.e-983
0.e-982
0.e-981
0.e-980
0.e-980
0.e-979
0.e-978
0.e-977
0.e-976
0.e-975
0.e-975
0.e-974
0.e-973
0.e-972
0.e-971
0.e-970
0.e-969
0.e-969
0.e-968
0.e-967
0.e-966
0.e-965
0.e-964
0.e-964
0.e-963
0.e-962
0.e-961
0.e-960
0.e-959
0.e-959
0.e-958
0.e-957
0.e-956
0.e-955
0.e-954
0.e-953
0.e-953
0.e-952
0.e-951
0.e-950
0.e-949
0.e-948
0.e-948
0.e-947
0.e-946
0.e-945
0.e-944
0.e-943
0.e-942
0.e-942
0.e-941
0.e-940
0.e-939
0.e-938
0.e-937
0.e-937
0.e-936
0.e-935
0.e-934
0.e-933
0.e-932
0.e-931
0.e-931
0.e-930
0.e-929
0.e-928
0.e-926
0.e-900
0.e-874
0.e-848
0.e-822
0.e-795
0.e-768
0.e-741
0.e-713
0.e-685
0.e-657
0.e-629
0.e-600
0.e-571
0.e-541
0.e-512
