#               T           <Sz^2>              <Q>            <Q^2>              <E>            <E^2>                C                F                S 
      1.442695041            0.125                0              0.5                0                0                0     -1.386294361      1.386294361 
      1.020139447     0.2298676786  1.884726647e-17     0.9194707145     0.8359324863      1.011912327     0.3131292051     -1.773363216      2.609295702 
     0.7213475204     0.3092311417  1.272357878e-16      1.236924567       1.10407799      2.165534751     0.9465465435     -2.502746472      3.606824462 
     0.5100697233     0.3495100983 -6.172578842e-17      1.398040393      1.927209627      5.657787858       1.94365091     -2.303076943      4.230286571 
     0.3606737602     0.3606403189 -1.995658651e-16      1.442561276      1.851512083      6.309449281      2.881352285     -2.653030862      4.504542945 
     0.2550348616     0.3572203801 -1.391140419e-16       1.42888152      2.237824236      8.397301558      3.389444246     -2.295683018      4.533507254 
     0.1803368801     0.3522728514  2.635608779e-15      1.409091406      1.867475124      6.922653091      3.435189752     -2.606791452      4.474266576 
     0.1275174308     0.3501894609  2.055991918e-15      1.400757844      2.166705543      8.025547608      3.330934699     -2.266655098      4.433360641 
    0.09016844006     0.3499132559  1.375426615e-15      1.399653024      1.825677584      6.605759091      3.272660449     -2.597500633      4.423178218 
    0.06375871541     0.3498543134  3.958533121e-16      1.399417254      2.156658549      7.920176953      3.269000855     -2.265681303      4.422339852 
    0.04508422003     0.3499086603  5.836548274e-16      1.399634641      1.824786755       6.59375126       3.26390456     -2.597574331      4.422361085 
    0.03187935771     0.3498644945  2.710864122e-15      1.399457978      2.156607337      7.919826291      3.268871086     -2.265825609      4.422432946 
    0.02254211001     0.3499136469  6.947023223e-15      1.399654588      1.824789278      6.593705287      3.263849377     -2.597617858      4.422407136 
    0.01593967885     0.3498670813  1.117136476e-14      1.399468325      2.156594394      7.919740827      3.268841447     -2.265862108      4.422456502 
    0.01127105501     0.3499149062  1.493667869e-14      1.399659625      1.824789922       6.59369367      3.263835412     -2.597628846      4.422418767 
   0.007969839427     0.3498677309  1.575677775e-14      1.399470924      2.156591158      7.919719432      3.268834008     -2.265871262       4.42246242 
   0.005635527503     0.3499152218  1.740773134e-14      1.399660887      1.824790083       6.59369076      3.263831912     -2.597631599      4.422421682 
   0.003984919713     0.3498678935  1.809461316e-14      1.399471574      2.156590349      7.919714081      3.268832147     -2.265873552      4.422463901 
   0.002817763752     0.3499153008  1.615048294e-14      1.399661203      1.824790124      6.593690031      3.263831036     -2.597632287      4.422422411 
   0.001992459857     0.3498679342  1.306396869e-14      1.399471737      2.156590147      7.919712743      3.268831681     -2.265874125      4.422464272 
   0.001408881876     0.3499153205  1.034201307e-14      1.399661282      1.824790134      6.593689849      3.263830817      -2.59763246      4.422422593 
  0.0009962299283     0.3498679443  8.694772028e-15      1.399471777      2.156590096      7.919712409      3.268831565     -2.265874268      4.422464364 
  0.0007044409379     0.3499153254  5.387393622e-15      1.399661302      1.824790136      6.593689803      3.263830762     -2.597632503      4.422422639 
  0.0004981149642     0.3498679469 -1.140360056e-16      1.399471788      2.156590084      7.919712325      3.268831536     -2.265874303      4.422464387 
   0.000352220469     0.3499153266 -5.983577882e-15      1.399661307      1.824790137      6.593689792      3.263830748     -2.597632513       4.42242265 
  0.0002490574821     0.3498679475 -9.334063647e-15       1.39947179      2.156590081      7.919712304      3.268831528     -2.265874312      4.422464393 
  0.0001761102345      0.349915327 -8.648458722e-15      1.399661308      1.824790137      6.593689789      3.263830745     -2.597632516      4.422422653 
   0.000124528741     0.3498679477 -8.533867722e-15      1.399471791       2.15659008      7.919712299      3.268831527     -2.265874315      4.422464394 
  8.805511724e-05      0.349915327 -8.031927676e-15      1.399661308      1.824790137      6.593689788      3.263830744     -2.597632517      4.422422654 
  6.226437052e-05     0.3498679477 -9.113214751e-15      1.399471791       2.15659008      7.919712297      3.268831526     -2.265874315      4.422464395 
  4.402755862e-05     0.3499153271 -1.191185665e-14      1.399661308      1.824790137      6.593689788      3.263830744     -2.597632517      4.422422654 
  3.113218526e-05     0.3498679477  -1.22159657e-14      1.399471791       2.15659008      7.919712297      3.268831526     -2.265874315      4.422464395 
  2.201377931e-05     0.3499153271 -1.746986919e-14      1.399661308      1.824790137      6.593689788      3.263830744     -2.597632517      4.422422654 
  1.556609263e-05     0.3498679477 -2.209291797e-14      1.399471791       2.15659008      7.919712297      3.268831526     -2.265874315      4.422464395 
  1.100688966e-05     0.3499153271 -2.798043087e-14      1.399661308      1.824790137      6.593689788      3.263830744     -2.597632517      4.422422654 
  7.783046315e-06     0.3498679477 -3.312803672e-14      1.399471791       2.15659008      7.919712297      3.268831526     -2.265874315      4.422464395 
  5.503444828e-06     0.3499153271 -3.749922364e-14      1.399661308      1.824790137      6.593689788      3.263830744     -2.597632517      4.422422654 
  3.891523157e-06     0.3498679477 -4.425110428e-14      1.399471791       2.15659008      7.919712297      3.268831526     -2.265874315      4.422464395 
  2.751722414e-06     0.3499153271 -5.059913868e-14      1.399661308      1.824790137      6.593689788      3.263830744     -2.597632517      4.422422654 
  1.945761579e-06     0.3498679477 -5.605506442e-14      1.399471791       2.15659008      7.919712297      3.268831526     -2.265874315      4.422464395 
  1.375861207e-06     0.3499153271 -6.456274553e-14      1.399661308      1.824790137      6.593689788      3.263830744     -2.597632517      4.422422654 
  9.728807894e-07     0.3498679477 -7.292529205e-14      1.399471791       2.15659008      7.919712297      3.268831526     -2.265874315      4.422464395 
  6.879306035e-07     0.3499153271 -8.408068278e-14      1.399661308      1.824790137      6.593689788      3.263830744     -2.597632517      4.422422654 
  4.864403947e-07     0.3498679477 -9.287494363e-14      1.399471791       2.15659008      7.919712297      3.268831526     -2.265874315      4.422464395 
  3.439653017e-07     0.3499153271  -9.97006815e-14      1.399661308      1.824790137      6.593689788      3.263830744     -2.597632517      4.422422654 
  2.432201973e-07     0.3498679477 -1.029878212e-13      1.399471791       2.15659008      7.919712297      3.268831526     -2.265874315      4.422464395 
  1.719826509e-07     0.3499153271 -1.013554193e-13      1.399661308      1.824790137      6.593689788      3.263830744     -2.597632517      4.422422654 
  1.216100987e-07     0.3498679477 -9.868273037e-14      1.399471791       2.15659008      7.919712297      3.268831526     -2.265874315      4.422464395 
  8.599132543e-08     0.3499153271 -9.481377526e-14      1.399661308      1.824790137      6.593689788      3.263830744     -2.597632517      4.422422654 
  6.080504934e-08     0.3498679477 -9.266881379e-14      1.399471791       2.15659008      7.919712297      3.268831526     -2.265874315      4.422464395 
  4.299566272e-08     0.3499153271 -9.482118067e-14      1.399661308      1.824790137      6.593689788      3.263830744     -2.597632517      4.422422654 
  3.040252467e-08     0.3498679477 -9.656400079e-14      1.399471791       2.15659008      7.919712297      3.268831526     -2.265874315      4.422464395 
  2.149783136e-08     0.3499153271 -9.781287236e-14      1.399661308      1.824790137      6.593689788      3.263830744     -2.597632517      4.422422654 
  1.520126233e-08     0.3498679477 -9.890004227e-14      1.399471791       2.15659008      7.919712297      3.268831526     -2.265874315      4.422464395 
  1.074891568e-08     0.3499153271 -9.680475443e-14      1.399661308      1.824790137      6.593689788      3.263830744     -2.597632517      4.422422654 
  7.600631167e-09     0.3498679477 -9.238394082e-14      1.399471791       2.15659008      7.919712297      3.268831526     -2.265874315      4.422464395 
  5.374457839e-09     0.3499153271  -9.10622658e-14      1.399661308      1.824790137      6.593689788      3.263830744     -2.597632517      4.422422654 
  3.800315583e-09     0.3498679477 -9.235187156e-14      1.399471791       2.15659008      7.919712297      3.268831526     -2.265874315      4.422464395 
   2.68722892e-09     0.3499153271 -9.491429798e-14      1.399661308      1.824790137      6.593689788      3.263830744     -2.597632517      4.422422654 
  1.900157792e-09     0.3498679477 -9.768736561e-14      1.399471791       2.15659008      7.919712297      3.268831526     -2.265874315      4.422464395 
   1.34361446e-09     0.3499153271 -9.759361633e-14      1.399661308      1.824790137      6.593689788      3.263830744     -2.597632517      4.422422654 
  9.500788959e-10     0.3498679477 -9.772457793e-14      1.399471791       2.15659008      7.919712297      3.268831526     -2.265874315      4.422464395 
  6.718072299e-10     0.3499153271 -9.980762336e-14      1.399661308      1.824790137      6.593689788      3.263830744     -2.597632517      4.422422654 
  4.750394479e-10     0.3498679477 -1.050844305e-13      1.399471791       2.15659008      7.919712297      3.268831526     -2.265874315      4.422464395 
   3.35903615e-10     0.3499153271 -1.118132245e-13      1.399661308      1.824790137      6.593689788      3.263830744     -2.597632517      4.422422654 
   2.37519724e-10     0.3498679477 -1.192074602e-13      1.399471791       2.15659008      7.919712297      3.268831526     -2.265874315      4.422464395 
  1.679518075e-10     0.3499153271 -1.249646155e-13      1.399661308      1.824790137      6.593689788      3.263830744     -2.597632517      4.422422654 
   1.18759862e-10     0.3498679477 -1.322184401e-13      1.399471791       2.15659008      7.919712297      3.268831526     -2.265874315      4.422464395 
  8.397590374e-11     0.3499153271 -1.385938725e-13      1.399661308      1.824790137      6.593689788      3.263830744     -2.597632517      4.422422654 
  5.937993099e-11     0.3498679477 -1.462865536e-13      1.399471791       2.15659008      7.919712297      3.268831526     -2.265874315      4.422464395 
  4.198795187e-11     0.3499153271 -1.562132799e-13      1.399661308      1.824790137      6.593689788      3.263830744     -2.597632517      4.422422654 
   2.96899655e-11     0.3498679477 -1.662898225e-13      1.399471791       2.15659008      7.919712297      3.268831526     -2.265874315      4.422464395 
  2.099397594e-11     0.3499153271 -1.757650477e-13      1.399661308      1.824790137      6.593689788      3.263830744     -2.597632517      4.422422654 
  1.484498275e-11     0.3498679477 -1.804426907e-13      1.399471791       2.15659008      7.919712297      3.268831526     -2.265874315      4.422464395 
  1.049698797e-11     0.3499153271 -1.913126013e-13      1.399661308      1.824790137      6.593689788      3.263830744     -2.597632517      4.422422654 
  7.422491374e-12     0.3498679477 -1.982952472e-13      1.399471791       2.15659008      7.919712297      3.268831526     -2.265874315      4.422464395 
  5.248493984e-12     0.3499153271 -2.046623593e-13      1.399661308      1.824790137      6.593689788      3.263830744     -2.597632517      4.422422654 
  3.711245687e-12     0.3498679477 -2.104078577e-13      1.399471791       2.15659008      7.919712297      3.268831526     -2.265874315      4.422464395 
  2.624246992e-12     0.3499153271 -2.130598583e-13      1.399661308      1.824790137      6.593689788      3.263830744     -2.597632517      4.422422654 
  1.855622843e-12     0.3498679477 -2.116815522e-13      1.399471791       2.15659008      7.919712297      3.268831526     -2.265874315      4.422464395 
  1.312123496e-12     0.3499153271 -2.094326202e-13      1.399661308      1.824790137      6.593689788      3.263830744     -2.597632517      4.422422654 
  9.278114217e-13     0.3498679477 -2.073459595e-13      1.399471791       2.15659008      7.919712297      3.268831526     -2.265874315      4.422464395 
   6.56061748e-13     0.3499153271  -2.04358604e-13      1.399661308      1.824790137      6.593689788      3.263830744     -2.597632517      4.422422654 
  4.639057109e-13     0.3498679477 -2.038703712e-13      1.399471791       2.15659008      7.919712297      3.268831526     -2.265874315      4.422464395 
   3.28030874e-13     0.3499153271 -2.058467592e-13      1.399661308      1.824790137      6.593689788      3.263830744     -2.597632517      4.422422654 
  2.319528554e-13     0.3498679477  -2.10931011e-13      1.399471791       2.15659008      7.919712297      3.268831526     -2.265874315      4.422464395 
   1.64015437e-13     0.3499153271 -2.199094893e-13      1.399661308      1.824790137      6.593689788      3.263830744     -2.597632517      4.422422654 
  1.159764277e-13     0.3498679477 -2.273625429e-13      1.399471791       2.15659008      7.919712297      3.268831526     -2.265874315      4.422464395 
   8.20077185e-14     0.3499153271 -2.350888836e-13      1.399661308      1.824790137      6.593689788      3.263830744     -2.597632517      4.422422654 
  5.798821386e-14     0.3498679477 -2.414176601e-13      1.399471791       2.15659008      7.919712297      3.268831526     -2.265874315      4.422464395 
  4.100385925e-14     0.3499153271 -2.502345016e-13      1.399661308      1.824790137      6.593689788      3.263830744     -2.597632517      4.422422654 
  2.899410693e-14     0.3498679477 -2.587774143e-13      1.399471791       2.15659008      7.919712297      3.268831526     -2.265874315      4.422464395 
  2.050192962e-14     0.3499153271 -2.636577065e-13      1.399661308      1.824790137      6.593689788      3.263830744     -2.597632517      4.422422654 
  1.449705346e-14     0.3498679477 -2.688659219e-13      1.399471791       2.15659008      7.919712297      3.268831526     -2.265874315      4.422464395 
  1.025096481e-14     0.3499153271 -2.711940473e-13      1.399661308      1.824790137      6.593689788      3.263830744     -2.597632517      4.422422654 
  7.248526732e-15     0.3498679477 -2.713130084e-13      1.399471791       2.15659008      7.919712297      3.268831526     -2.265874315      4.422464395 
  5.125482406e-15     0.3499153271 -2.703396051e-13      1.399661308      1.824790137      6.593689788      3.263830744     -2.597632517      4.422422654 
  3.624263366e-15     0.3498679477 -2.691141222e-13      1.399471791       2.15659008      7.919712297      3.268831526     -2.265874315      4.422464395 
  2.562741203e-15     0.3499153271 -2.705301628e-13      1.399661308      1.824790137      6.593689788      3.263830744     -2.597632517      4.422422654 
  1.812131683e-15     0.3498679477  -2.67364568e-13      1.399471791       2.15659008      7.919712297      3.268831526     -2.265874315      4.422464395 
  1.281370602e-15     0.3499153271  -2.65199841e-13      1.399661308      1.824790137      6.593689788      3.263830744     -2.597632517      4.422422654 
