# Input file for NRG Ljubljana
# symtype 	QS
# Using sneg version 	1.251
#!9
# Number of channels, chain sites, subspaces: 
1	76	4
# SCALE 	2.058462536957593
# Energies (GS energy subtracted, multiplied by 1/SCALE):
-1	2
1
0.1821747995250134
0	1
1
0.
0	3
1
0.24289973270001786
1	2
1
0.1821747995250134
# Irreducible matrix elements for Wilson chains:
f 0 0
4
1	2	0	3
1.224744871391589
1	2	0	1
0.7071067811865475
0	3	-1	2
1.
0	1	-1	2
-1.
# GS energy in absolute units:
e
-0.375
# Irreducible matrix elements for other operators:
# Discretization tables:
z
76
0.57640501075312204579
0.57249724240291718772
0.59842066217418274886
0.41390682541664525781
0.22646288982417052837
0.13430305684888595648
0.083806248116802488438
0.052809885172057624179
0.033356180113225997362
0.02108564357165251791
0.013333073509109346289
0.0084319072729447973147
0.0053326375700449443622
0.0033726134578239923643
0.0021330172469067958888
0.0013490358279513577665
0.00085320448175280869337
0.0005396137197483777965
0.00034128163802252985958
0.00021584544876870849586
0.00013651264530968475668
0.000086338177003132673428
0.000054605057490318015392
0.000034535270640974729502
0.00002184202295557964015
0.00001381410824613207914
8.7368091796368119461e-6
5.5256432977963316569e-6
3.4947236716886419563e-6
2.2102573190765166629e-6
1.3978894686648274819e-6
8.8410292762791764118e-7
5.5915578746525071752e-7
3.5364117105099495894e-7
2.2366231498605674939e-7
1.4145646842038696933e-7
8.946492599441991335e-8
5.6582587368154082821e-8
3.578597039776778701e-8
2.2633034947261588014e-8
1.4314388159107103391e-8
9.0532139789046323184e-9
5.7257552636428406259e-9
3.6212855915618527426e-9
2.2903021054571362036e-9
1.4485142366247410852e-9
9.1612084218285447846e-10
5.7940569464989643332e-10
3.6644833687314179119e-10
2.3176227785995857328e-10
1.4657933474925671646e-10
9.2704911143983429309e-11
5.8631733899702686585e-11
3.7081964457593371723e-11
2.3452693559881074634e-11
1.4832785783037348689e-11
9.3810774239524298536e-12
5.9331143132149394757e-12
3.7524309695809719414e-12
2.3732457252859757903e-12
1.5009723878323887766e-12
9.4929829011439031612e-13
6.0038895513295551063e-13
3.7971931604575612645e-13
2.4015558205318220425e-13
1.5188772641830245058e-13
9.6062232821272881701e-14
6.0755090567320980232e-14
3.842489312850915268e-14
2.4302036226928392093e-14
1.5369957251403661072e-14
9.7208144907713568371e-15
6.1479829005614644288e-15
3.8883257963085427348e-15
2.4591931602245857715e-15
1.5553303185234170939e-15
9.8367726408983430861e-16
76
0.e-999
0.e-998
0.e-997
0.e-997
0.e-996
0.e-995
0.e-994
0.e-993
0.e-992
0.e-992
0.e-991
0.e-990
0.e-989
0.e-988
0.e-987
0.e-986
0.e-985
0.e-985
0.e-984
0.e-983
0.e-982
0.e-981
0.e-980
0.e-979
0.e-979
0.e-978
0.e-977
0.e-976
0.e-975
0.e-974
0.e-973
0.e-972
0.e-972
0.e-971
0.e-970
0.e-969
0.e-968
0.e-967
0.e-966
0.e-966
0.e-965
0.e-964
0.e-963
0.e-962
0.e-961
0.e-960
0.e-959
0.e-959
0.e-958
0.e-957
0.e-956
0.e-955
0.e-954
0.e-953
0.e-953
0.e-952
0.e-951
0.e-950
0.e-949
0.e-948
0.e-947
0.e-946
0.e-946
0.e-945
0.e-944
0.e-943
0.e-942
0.e-941
0.e-940
0.e-940
0.e-939
0.e-938
0.e-937
0.e-936
0.e-935
0.e-908
0.e-878
