#               T           <Sz^2>              <Q>            <Q^2>              <E>            <E^2>                C                F                S 
      1.715663207     0.3592345691                0      0.498562265     0.1762997115    0.03730778156   0.006226193275     -1.900146354      2.076446066 
      1.213157088     0.4650139257 -3.236708081e-17     0.9431131071     0.7315581571      0.759063481     0.2238861438     -2.618883583       3.35044174 
     0.8578316037     0.5469216859  -1.10144284e-16      1.300969988      1.252797403      2.310446033     0.7409447005     -3.185993756      4.438791159 
     0.6065785441     0.5838027807 -1.444201657e-16      1.484451335      1.937145919      5.502488134      1.749953824     -3.190952183      5.128098101 
     0.4289158019      0.592832145  -6.18297579e-16      1.559266221      2.163117032      7.434431168      2.755355874     -3.335917088       5.49903412 
      0.303289272       0.59270076 -1.373265015e-15      1.594564113      2.292907549      8.580936315      3.323511286     -3.375350603      5.668258152 
     0.2144579009     0.5972930826 -4.950677879e-16      1.641414232      2.219972814      8.257269287      3.328989993     -3.554564014      5.774536828 
      0.151644636     0.6130951174 -3.205698578e-16      1.727131653      2.217772044      7.985816549      3.067303707     -3.741251374      5.959023419 
     0.1072289505     0.6349389549  3.774541038e-15      1.837877824      2.279451361      8.108641257      2.912742749     -3.960629054      6.240080415 
    0.07582231801     0.6569534664  1.331783884e-14      1.952337886      2.331272068      8.366350881      2.931521428      -4.22394359      6.555215657 
    0.05361447523     0.6789561773  1.829697239e-14      2.069116287      2.446380916      8.944798361      2.960018776     -4.423272041      6.869652957 
    0.03791115901     0.7001507003   1.31174252e-14      2.187370538         2.465326      9.057494987      2.979662699     -4.721860638      7.187186638 
    0.02680723762     0.7201436771 -2.869943908e-15      2.304655169      2.598149888      9.768395017      3.018012176     -4.901599484      7.499749372 
     0.0189555795     0.7395925603 -2.714861647e-14      2.424105501       2.59076669      9.737064342      3.024992298     -5.216478144      7.807244835 
    0.01340361881     0.7573833661 -5.722888992e-14       2.54281821       2.72323498       10.4424913      3.026482544     -5.386710037      8.109945017 
