# Input file for NRG Ljubljana
# symtype 	QS
# Using sneg version 	1.251
#!9
# Number of channels, chain sites, subspaces: 
1	101	4
# SCALE 	1.6197446279253997
# Energies (GS energy subtracted, multiplied by 1/SCALE):
-1	2
1
0.09260719092004208
0	1
1
0.
0	3
1
0.12347625456005609
1	2
1
0.09260719092004208
# Irreducible matrix elements for Wilson chains:
f 0 0
4
1	2	0	3
1.224744871391589
1	2	0	1
0.7071067811865475
0	3	-1	2
1.
0	1	-1	2
-1.
# GS energy in absolute units:
e
-0.15000000000000002
# Irreducible matrix elements for other operators:
# Discretization tables:
z
101
0.58348887768274647474
0.55909516758755123892
0.57104016663569953226
0.45931232955778749583
0.30589441908862129228
0.20588717552805627822
0.14374810035702545186
0.10137016359678706704
0.071622805743170705802
0.050629684458413869559
0.035795896698595342798
0.025309977855117743118
0.017896331358887738631
0.012654434927383787294
0.0089479728981080386646
0.0063271498474991791331
0.0044739626386843908948
0.0031635665223797627084
0.0022369783519887806467
0.0015817822125984981734
0.0011184888053544022476
0.00079089097527467221748
0.00055924435635592513174
0.0003954454712608058751
0.00027962217238807562888
0.00019772273358338484047
0.00013981108547031046475
0.00009886136653581666378
0.000069905542644689579834
0.000049430683235923909386
0.000034952771311036591667
0.00002471534161396390335
0.000017476385654104771312
0.000012357670806482195303
8.738192826875695099e-6
6.1788354031786281065e-6
4.3690964134157612301e-6
3.0894177015815053602e-6
2.1845482067051198251e-6
1.5447088507897765935e-6
1.0922741033522148138e-6
7.723544253947662859e-7
5.4613705167606426957e-7
3.861772126973678916e-7
2.7306852583802674262e-7
1.9308860634868203938e-7
1.3653426291901269729e-7
9.6544303174340781387e-8
6.8267131459506264392e-8
4.8272151587170360906e-8
3.4133565729753121664e-8
2.4136075793585176729e-8
1.7066782864876559516e-8
1.2068037896792587899e-8
8.5333914324382795933e-9
6.0340189483962938915e-9
4.2666957162191397761e-9
3.0170094741981469385e-9
2.1333478581095698855e-9
1.5085047370990734683e-9
1.0666739290547849424e-9
7.5425236854953673405e-10
5.3333696452739247116e-10
3.7712618427476836701e-10
2.6666848226369623558e-10
1.885630921373841835e-10
1.3333424113184811779e-10
9.4281546068692091751e-11
6.6667120565924058894e-11
4.7140773034346045875e-11
3.3333560282962029447e-11
2.3570386517173022938e-11
1.6666780141481014723e-11
1.1785193258586511469e-11
8.3333900707405073617e-12
5.8925966292932557344e-12
4.1666950353702536809e-12
2.9462983146466278672e-12
2.0833475176851268404e-12
1.4731491573233139336e-12
1.0416737588425634202e-12
7.365745786616569668e-13
5.2083687942128171011e-13
3.682872893308284834e-13
2.6041843971064085505e-13
1.841436446654142417e-13
1.3020921985532042753e-13
9.2071822332707120851e-14
6.5104609927660213764e-14
4.6035911166353560425e-14
3.2552304963830106882e-14
2.3017955583176780213e-14
1.6276152481915053441e-14
1.1508977791588390106e-14
8.1380762409575267205e-15
5.7544888957941950532e-15
4.0690381204787633602e-15
2.8772444478970975266e-15
2.0345190602393816801e-15
1.4386222239485487633e-15
1.0172595301196908401e-15
7.1931111197427438164e-16
101
0.e-999
0.e-998
0.e-997
0.e-997
0.e-996
0.e-995
0.e-994
0.e-993
0.e-992
0.e-992
0.e-991
0.e-990
0.e-989
0.e-988
0.e-987
0.e-986
0.e-986
0.e-985
0.e-984
0.e-983
0.e-982
0.e-981
0.e-981
0.e-980
0.e-979
0.e-978
0.e-977
0.e-976
0.e-975
0.e-975
0.e-974
0.e-973
0.e-972
0.e-971
0.e-970
0.e-970
0.e-969
0.e-968
0.e-967
0.e-966
0.e-965
0.e-964
0.e-964
0.e-963
0.e-962
0.e-961
0.e-960
0.e-959
0.e-959
0.e-958
0.e-957
0.e-956
0.e-955
0.e-954
0.e-953
0.e-953
0.e-952
0.e-951
0.e-950
0.e-949
0.e-948
0.e-948
0.e-947
0.e-946
0.e-945
0.e-944
0.e-943
0.e-942
0.e-942
0.e-941
0.e-940
0.e-939
0.e-938
0.e-937
0.e-937
0.e-936
0.e-935
0.e-934
0.e-933
0.e-932
0.e-932
0.e-931
0.e-930
0.e-929
0.e-928
0.e-927
0.e-905
0.e-879
0.e-853
0.e-827
0.e-800
0.e-773
0.e-746
0.e-719
0.e-691
0.e-663
0.e-634
0.e-605
0.e-576
0.e-547
0.e-517
0.e-487
