#               T           <Sz^2>              <Q>            <Q^2>              <E>            <E^2>                C                F                S 
      1.907716987     0.3671327019                0      0.499635373    0.09113317061   0.009824476297   0.001519221511     -1.987563871      2.078697041 
      1.206546162     0.4740703087  -1.62949859e-17     0.9429499261     0.7384158717     0.7690734668     0.2238154672     -2.612020838      3.350436709 
     0.7630867946     0.5484687207 -1.046046875e-16       1.26312501      1.206774535      2.320092232     0.8637874545     -3.150585193      4.357359728 
     0.4826184647     0.5559358701  1.140972082e-16      1.318919303      1.944342905      5.916819891      2.136350559     -2.791078574      4.735421479 
     0.3052347178     0.5145479875  5.092282818e-16       1.17655742       1.73426154      6.092979268       3.08531618     -2.742453693      4.476715233 
     0.1930473859     0.4706275962  -7.41599973e-17      1.015008092      1.785025133      6.251602544       3.06528782     -2.215621961      4.000647093 
     0.1220938871     0.4417456526   4.29996982e-15     0.9102423003      1.305054285      4.314192088      2.611025401     -2.325124203      3.630178489 
    0.07721895435     0.4139266262  6.277461506e-15     0.8055985708      1.483115318      4.676912749      2.477281702     -1.841753338      3.324868656 
    0.04883755486     0.3956478943  9.421680621e-15     0.7481734725      1.057839824      3.244204379      2.125179285     -2.037589861      3.095429686 
    0.03088758174     0.3663272604   1.06615957e-14     0.6319062836      1.263323597      3.812834386      2.216847875     -1.536825961      2.800149558 
    0.01953502194     0.3572732766   1.35670293e-14     0.6274777834      0.882743618      2.414598957      1.635362662     -1.786757866      2.669501484 
     0.0123550327     0.3229012106  1.151842633e-14     0.4715112984      1.041740537      3.095119942      2.009896595     -1.280422919      2.322163456 
   0.007814008777     0.3236250093  1.653013525e-14     0.5455345359     0.7997015752      1.781474827      1.141952217     -1.548873174      2.348574749 
   0.004942013078     0.2851576784  1.151420789e-14     0.3283934503     0.8128877926      2.485468922      1.824682358     -1.077066426      1.889954218 
   0.003125603511     0.2834611453  1.978030623e-14     0.4945853516     0.8263640519      1.469141976     0.7862644299     -1.282101943      2.108465995 
   0.001976805231      0.256748477  7.810097648e-15     0.2057357714       0.56798917      1.836263605      1.513651907     -0.920837556      1.488826726 
   0.001250241404     0.2395731746  2.067980463e-14     0.4406187228      0.906546491      1.526310171     0.7044836307     -1.000355041      1.906901532 
  0.0007907220925     0.2427989483  6.243738389e-15     0.1196858335     0.3641019858       1.26677453      1.134204274    -0.8206578185      1.184759804 
  0.0005000965617     0.1579381618  1.813976214e-14      0.329232445     0.9424865277      2.102918715       1.21463786    -0.5840171084      1.526503636 
   0.000316288837     0.2304171503  5.652197147e-15    0.09089502479     0.2381060762     0.7122105507     0.6555160471    -0.7890054549      1.027111531 
  0.0002000386247    0.06919032063   1.39511131e-14     0.2167594286     0.6778284497       2.00839337      1.548941962    -0.2734037287     0.9512321784 
  0.0001265155348     0.2388810869  3.082184291e-15    0.04631232715     0.1445459724     0.4717201172      0.450826579    -0.7405532539     0.8850992263 
  8.001544988e-05   0.007613546377  1.358275742e-15    0.02198340052     0.1355261556     0.7376479847     0.7192806458   -0.02548170481     0.1610078604 
  5.060621392e-05       0.24643387   8.72434711e-16    0.01434258518    0.06097007378     0.2609529733     0.2572356234    -0.7075983271     0.7685684008 
  3.200617995e-05   0.004753249805   8.74795308e-16    0.01715852548    0.09903954924     0.5550852463      0.545276414   -0.01801525333     0.1170548026 
  2.024248557e-05     0.2486819844  2.765042498e-16   0.005274603963    0.02764687665     0.1450018025     0.1442374527    -0.6984357457     0.7260826223 
  1.280247198e-05   0.001473693844  2.376098936e-16   0.005567668853    0.03782598291     0.2529383775     0.2515075725  -0.005706585381    0.04353256829 
  8.096994227e-06     0.2499263866  1.384627381e-17  0.0002945231319   0.002394729016    0.01947406147    0.01946832674    -0.6934417471     0.6958364761 
  5.120988792e-06  0.0004050546483  5.267911309e-17   0.001560414074    0.01251005809     0.0992196341    0.09906313255  -0.001584094785    0.01409415287 
  3.238797691e-06      0.249995274  6.207959511e-19  1.890479206e-05  0.0002056145438   0.002236380034   0.002236337757    -0.6931660855     0.6933717001 
  2.048395517e-06  6.087936473e-07  4.758364804e-20   2.43458344e-06  3.484899494e-05  0.0004988063777  0.0004988051633 -2.434808085e-06  3.728380302e-05 
  1.295519076e-06            0.125  1.155132247e-14              0.5   2.43272781e-14  1.399566668e-14  1.399566668e-14     -1.386294361      1.386294361 
  8.193582067e-07  5.860640901e-10  5.831130456e-23  2.344256361e-09  4.983324516e-08  1.059334792e-06  1.059334789e-06 -2.344256342e-09  5.217750151e-08 
  5.182076306e-07            0.125  3.552713692e-15              0.5  7.105428569e-15  6.451520745e-20   6.45152074e-20     -1.386294361      1.386294361 
  3.277432827e-07  5.732504484e-13  5.624060154e-29  2.293001794e-12  6.463388187e-11  1.821864552e-09  1.821864552e-09  -2.29283259e-12  6.692671446e-11 
  2.072830522e-07            0.125  1.776356839e-15              0.5  3.552713679e-15  1.959794735e-26  1.958532558e-26     -1.386294361      1.386294361 
  1.310973131e-07  2.701408383e-16  7.692180984e-30  1.080563353e-15  3.873559014e-14  1.388577485e-12  1.388577485e-12 -8.881784197e-16  3.962376856e-14 
  8.291322089e-08            0.125  7.993605777e-15              0.5  9.769962617e-15  3.187002519e-28  2.232480824e-28     -1.386294361      1.386294361 
  5.243892523e-08  2.788191866e-20 -7.944460994e-34  1.115276746e-19   5.02167949e-18  2.261076902e-16  2.261076902e-16               -0   5.02167949e-18 
  3.316528836e-08            0.125 -5.329070518e-15              0.5  1.243449788e-14  2.145701662e-28   5.99534288e-29     -1.386294361      1.386294361 
  2.097557009e-08  3.341104499e-25    9.5508916e-39  1.336441799e-24  7.531962246e-23  4.244887828e-21  4.244887828e-21               -0  7.531962246e-23 
  1.326611534e-08            0.125  8.881784197e-15              0.5  1.598721155e-14  6.689540476e-28  4.133631143e-28     -1.386294361      1.386294361 
  8.390228037e-09  2.474594657e-31  7.006492322e-45  9.898378629e-31   6.97578942e-29   4.91612211e-27   4.91612211e-27               -0   6.97578942e-29 
  5.306446137e-09            0.125 -7.105427358e-15              0.5  2.842170943e-14   1.71656133e-27  9.087677628e-28     -1.386294361      1.386294361 
  3.356091215e-09  5.469475268e-39 -1.399025278e-51  2.187790107e-38  1.927478876e-36  1.698140422e-34  1.698140422e-34               -0  1.927478876e-36 
  2.122578455e-09            0.125 -3.552713679e-15              0.5  1.776356839e-14  4.543838814e-28  1.388395193e-28     -1.386294361      1.386294361 
  1.342436486e-09  1.482755507e-48   4.21755137e-61  5.931022027e-48  6.531845369e-46  7.193533211e-44  7.193533211e-44               -0  6.531845369e-46 
  8.490313819e-10            0.125  1.065814104e-14              0.5  2.486899575e-14  8.582806649e-28  2.398137152e-28     -1.386294361      1.386294361 
  5.369745944e-10  1.634425387e-60   3.71977052e-73  6.537701549e-60  9.000049319e-58  1.238981118e-55  1.238981118e-55               -0  9.000049319e-58 
  3.396125528e-10            0.125  1.065814104e-14              0.5  1.776356839e-14  8.582806649e-28  5.427363028e-28     -1.386294361      1.386294361 
  2.147898377e-10  1.847323631e-75 -4.197274913e-88  7.389294523e-75  1.271550866e-72  2.188086562e-70  2.188086562e-70               -0  1.271550866e-72 
  1.358450211e-10            0.125  5.684341886e-14              0.5  1.136868377e-13  1.938704561e-26  6.462348536e-27     -1.386294361      1.386294361 
   8.59159351e-11  3.829324349e-94 2.612258362e-106   1.53172974e-93  3.294755424e-91  7.087029142e-89  7.087029142e-89               -0  3.294755424e-91 
  5.433800844e-11            0.125   4.97379915e-14              0.5  1.350031198e-13   2.44357554e-26  6.209913046e-27     -1.386294361      1.386294361 
  3.436637404e-11  1.69388179e-117  1.34826058e-129 6.775527161e-117   1.8217728e-114 4.898299504e-112 4.898299504e-112               -0   1.8217728e-114 
  2.173520338e-11            0.125  2.842170943e-14              0.5  9.947598301e-14  1.332859385e-26   3.43312266e-27     -1.386294361      1.386294361 
  1.374654962e-11 1.086668529e-146 8.646531535e-159 4.346674115e-146 1.460892424e-143 4.909976268e-141 4.909976268e-141               -0 1.460892424e-143 
  8.694081351e-12            0.125 -2.842170943e-14              0.5  2.842170943e-14  3.231174268e-27  2.423380701e-27     -1.386294361      1.386294361 
  5.498619846e-12 3.508480059e-183  7.97647903e-196 1.403392024e-182 5.895900946e-180  2.47697346e-177  2.47697346e-177               -0 5.895900946e-180 
   3.47763254e-12            0.125 -2.842170943e-14              0.5  5.684341886e-14  4.846761402e-27  1.615587134e-27     -1.386294361      1.386294361 
  2.199447938e-12 8.538821838e-229 1.359100238e-240 3.415528735e-228 1.793655909e-225 9.419336715e-223 9.419336715e-223               -0 1.793655909e-225 
  1.391053016e-12            0.125  8.526512829e-14              0.5  1.705302566e-13  4.362085262e-26  1.454028421e-26     -1.386294361      1.386294361 
  8.797791754e-13  8.20818542e-286 1.306382413e-297 3.283274168e-285 2.155253467e-282 1.414782096e-279 1.414782096e-279               -0 2.155253467e-282 
  5.564212064e-13            0.125  3.410605132e-13              0.5  7.389644452e-13  7.819441728e-25  2.358757215e-25     -1.386294361      1.386294361 
  3.519116702e-13                0                0                0                0                0                0               -0                0 
  2.225684826e-13            0.125  4.831690603e-13              0.5  9.379164112e-13   1.34739967e-24  4.677124753e-25     -1.386294361      1.386294361 
  1.407646681e-13                0                0                0                0                0                0               -0                0 
  8.902739303e-14            0.125  4.831690603e-13              0.5  1.051603249e-12  1.580044217e-24  4.741748238e-25     -1.386294361      1.386294361 
  5.630586723e-14                0                0                0                0                0                0               -0                0 
  3.561095721e-14            0.125  4.547473509e-13              0.5  1.136868377e-12  1.757758802e-24  4.652890946e-25     -1.386294361      1.386294361 
  2.252234689e-14                0                0                0                0                0                0               -0                0 
  1.424438289e-14            0.125  8.526512829e-13              0.5  1.762145985e-12  4.562418066e-24  1.457259595e-24     -1.386294361      1.386294361 
  9.008938756e-15                0                0                0                0                0                0               -0                0 
  5.697753154e-15            0.125  7.958078641e-13              0.5   1.47792889e-12  3.463818815e-24   1.27954501e-24     -1.386294361      1.386294361 
  3.603575502e-15                0                0                0                0                0                0               -0                0 
  2.279101262e-15            0.125  7.958078641e-13              0.5  1.023181539e-12  2.636638203e-24   1.58973774e-24     -1.386294361      1.386294361 
  1.441430201e-15                0                0                0                0                0                0               -0                0 
  9.116405046e-16            0.125  2.273736754e-13              0.5  2.273736754e-13  2.067951531e-25  1.550963649e-25     -1.386294361      1.386294361 
  5.765720804e-16                0                0                0                0                0                0               -0                0 
  3.646562019e-16            0.125  3.410605132e-13              0.5  5.684341886e-13  5.686866711e-25  2.455692444e-25     -1.386294361      1.386294361 
  2.306288322e-16                0                0                0                0                0                0               -0                0 
  1.458624807e-16            0.125 -4.547473509e-13              0.5  9.094947018e-13  2.067951531e-24  1.240770919e-24     -1.386294361      1.386294361 
  9.225153286e-17                0                0                0                0                0                0               -0                0 
   5.83449923e-17            0.125                0              0.5  4.547473509e-13  4.135903063e-25  2.067951531e-25     -1.386294361      1.386294361 
  3.690061314e-17                0                0                0                0                0                0               -0                0 
  2.333799692e-17            0.125 -1.818989404e-12              0.5   5.00222086e-12  3.350081481e-23  8.478601279e-24     -1.386294361      1.386294361 
  1.476024526e-17                0                0                0                0                0                0               -0                0 
  9.335198768e-18            0.125  2.273736754e-12              0.5  3.637978807e-12  2.440182807e-23  1.116693827e-23     -1.386294361      1.386294361 
  5.904098103e-18                0                0                0                0                0                0               -0                0 
  3.734079507e-18            0.125   5.00222086e-12              0.5  1.318767318e-11  2.340921134e-22  6.017738956e-23     -1.386294361      1.386294361 
  2.361639241e-18                0                0                0                0                0                0               -0                0 
  1.493631803e-18            0.125  6.366462912e-12              0.5  9.094947018e-12  1.770166511e-22  9.429858983e-23     -1.386294361      1.386294361 
  9.446556965e-19                0                0                0                0                0                0               -0                0 
  5.974527211e-19            0.125  4.547473509e-13              0.5  2.273736754e-12  7.444625513e-24  2.274746685e-24     -1.386294361      1.386294361 
  3.778622786e-19                0                0                0                0                0                0               -0                0 
  2.389810884e-19            0.125  2.728484105e-12              0.5  1.000444172e-11  1.356576205e-22  3.556876634e-23     -1.386294361      1.386294361 
  1.511449114e-19                0                0                0                0                0                0               -0                0 
  9.559243538e-20            0.125  2.728484105e-12              0.5  8.185452316e-12  8.933550616e-23  2.233387654e-23     -1.386294361      1.386294361 
  6.045796458e-20                0                0                0                0                0                0               -0                0 
  3.823697415e-20            0.125  3.637978807e-12              0.5  5.456968211e-12   5.95570041e-23  2.977850205e-23     -1.386294361      1.386294361 
  2.418318583e-20                0                0                0                0                0                0               -0                0 
  1.529478966e-20            0.125 -5.456968211e-12              0.5  1.273292582e-11  2.249931266e-22  6.286572655e-23     -1.386294361      1.386294361 
