#               T           <Sz^2>              <Q>            <Q^2>              <E>            <E^2>                C                F                S 
      2.058462537            0.125                0              0.5                0                0                0     -1.386294361      1.386294361 
      1.301886019     0.2381379179 -1.526271328e-17     0.9525516714     0.6926087101     0.6664299525     0.1867231272     -1.984318291      2.676927001 
     0.8233850148     0.3228207599    4.2979254e-17       1.29128304      1.071798161      1.919064126     0.7703128285     -2.653761662      3.725559823 
     0.5207544076     0.3426630344 -1.248932377e-17      1.370652138      1.952202451      5.831478264      2.020383852     -2.215628582      4.167831034 
     0.3293540059     0.3208967173  9.549338115e-16      1.283586869      1.680773118      5.818237906      2.993239632     -2.391965468      4.072738586 
      0.208301763     0.2982790963  4.570769962e-16      1.193116385      1.892646519      6.617532502      3.035421657     -1.912684124      3.805330643 
     0.1317416024     0.2914601529  1.288007878e-15      1.165840611      1.407374684      4.628955757      2.648252255     -2.256812846      3.664187531 
    0.08332070521     0.2906434168  7.696583742e-15      1.162573667      1.769906619       5.67584444      2.543274999     -1.877831353      3.647737972 
    0.05269664095     0.2907695658  1.401860378e-14      1.163078263      1.390946382       4.47006401      2.535332172     -2.253588845      3.644535227 
    0.03332828209     0.2905813638  1.841994443e-14      1.162325455      1.769851452      5.672290826      2.539916665     -1.877011241      3.646862692 
    0.02107865638     0.2907505975  1.830718741e-14       1.16300239      1.390910059       4.47014857      2.535517779     -2.253444985      3.644355043 
    0.01333131283     0.2905727599  1.764425153e-14       1.16229104      1.769899115      5.672561638       2.54001876     -1.876886504       3.64678562 
   0.008431462551     0.2907475929  1.556412301e-14      1.162990372      1.390904277       4.47016167      2.535546963     -2.253422201      3.644326478 
   0.005332525134     0.2905713874  1.382737148e-14       1.16228555      1.769906742      5.672604931      2.540035054     -1.876866587       3.64677333 
   0.003372585021     0.2907471131  1.519675232e-14      1.162988453      1.390903354      4.470163767      2.535551626     -2.253418563      3.644321917 
   0.002133010054      0.290571168  1.520226296e-14      1.162284672      1.769907963       5.67261186      2.540037661     -1.876863402      3.646771365 
   0.001349034008     0.2907470364  1.741815943e-14      1.162988146      1.390903207      4.470164105      2.535552373     -2.253417981      3.644321188 
  0.0008532040214      0.290571133  1.744486312e-14      1.162284532      1.769908159       5.67261297      2.540038079     -1.876862893      3.646771051 
  0.0005396136033     0.2907470242  1.727655418e-14      1.162988097      1.390903184      4.470164159      2.535552492     -2.253417888      3.644321072 
  0.0003412816086     0.2905711274  2.160288153e-14      1.162284509       1.76990819      5.672613148      2.540038146     -1.876862811      3.646771001 
  0.0002158454413     0.2907470222  2.618439968e-14      1.162988089       1.39090318      4.470164168      2.535552512     -2.253417873      3.644321053 
  0.0001365126434     0.2905711265   2.74167001e-14      1.162284506      1.769908195      5.672613177      2.540038157     -1.876862798      3.646770993 
  8.633817653e-05     0.2907470219  2.656570491e-14      1.162988088       1.39090318       4.47016417      2.535552515     -2.253417871      3.644321051 
  5.460505737e-05     0.2905711263  2.710254877e-14      1.162284505      1.769908196      5.672613181      2.540038158     -1.876862796      3.646770992 
  3.453527061e-05     0.2907470219  2.603055214e-14      1.162988088       1.39090318       4.47016417      2.535552515     -2.253417871       3.64432105 
  2.184202295e-05     0.2905711263  2.294668814e-14      1.162284505      1.769908196      5.672613182      2.540038159     -1.876862796      3.646770992 
  1.381410824e-05     0.2907470219  1.940797256e-14      1.162988088       1.39090318       4.47016417      2.535552515      -2.25341787       3.64432105 
  8.736809179e-06     0.2905711263  1.850161552e-14      1.162284505      1.769908196      5.672613182      2.540038159     -1.876862796      3.646770992 
  5.525643298e-06     0.2907470219  2.101068828e-14      1.162988088       1.39090318       4.47016417      2.535552515      -2.25341787       3.64432105 
  3.494723672e-06     0.2905711263  2.397168946e-14      1.162284505      1.769908196      5.672613182      2.540038159     -1.876862796      3.646770992 
  2.210257319e-06     0.2907470219    2.6468649e-14      1.162988088       1.39090318       4.47016417      2.535552515      -2.25341787       3.64432105 
  1.397889469e-06     0.2905711263  2.431427833e-14      1.162284505      1.769908196      5.672613182      2.540038159     -1.876862796      3.646770992 
  8.841029276e-07     0.2907470219  2.154625289e-14      1.162988088       1.39090318       4.47016417      2.535552515      -2.25341787       3.64432105 
  5.591557875e-07     0.2905711263  2.005396351e-14      1.162284505      1.769908196      5.672613182      2.540038159     -1.876862796      3.646770992 
  3.536411711e-07     0.2907470219  2.150159047e-14      1.162988088       1.39090318       4.47016417      2.535552515      -2.25341787       3.64432105 
   2.23662315e-07     0.2905711263  2.151315389e-14      1.162284505      1.769908196      5.672613182      2.540038159     -1.876862796      3.646770992 
  1.414564684e-07     0.2907470219  2.075259704e-14      1.162988088       1.39090318       4.47016417      2.535552515      -2.25341787       3.64432105 
  8.946492599e-08     0.2905711263  2.075138171e-14      1.162284505      1.769908196      5.672613182      2.540038159     -1.876862796      3.646770992 
  5.658258737e-08     0.2907470219   2.18372312e-14      1.162988088       1.39090318       4.47016417      2.535552515      -2.25341787       3.64432105 
   3.57859704e-08     0.2905711263  2.478279795e-14      1.162284505      1.769908196      5.672613182      2.540038159     -1.876862796      3.646770992 
  2.263303495e-08     0.2907470219  2.629878315e-14      1.162988088       1.39090318       4.47016417      2.535552515      -2.25341787       3.64432105 
  1.431438816e-08     0.2905711263  2.847310288e-14      1.162284505      1.769908196      5.672613182      2.540038159     -1.876862796      3.646770992 
  9.053213979e-09     0.2907470219  3.049540495e-14      1.162988088       1.39090318       4.47016417      2.535552515      -2.25341787       3.64432105 
  5.725755264e-09     0.2905711263  2.803298236e-14      1.162284505      1.769908196      5.672613182      2.540038159     -1.876862796      3.646770992 
  3.621285592e-09     0.2907470219  2.449151875e-14      1.162988088       1.39090318       4.47016417      2.535552515      -2.25341787       3.64432105 
  2.290302105e-09     0.2905711263  1.951916635e-14      1.162284505      1.769908196      5.672613182      2.540038159     -1.876862796      3.646770992 
  1.448514237e-09     0.2907470219  1.727427842e-14      1.162988088       1.39090318       4.47016417      2.535552515      -2.25341787       3.64432105 
  9.161208422e-10     0.2905711263   1.98687125e-14      1.162284505      1.769908196      5.672613182      2.540038159     -1.876862796      3.646770992 
  5.794056946e-10     0.2907470219  2.394053586e-14      1.162988088       1.39090318       4.47016417      2.535552515      -2.25341787       3.64432105 
  3.664483369e-10     0.2905711263  2.789193072e-14      1.162284505      1.769908196      5.672613182      2.540038159     -1.876862796      3.646770992 
  2.317622779e-10     0.2907470219   3.00300578e-14      1.162988088       1.39090318       4.47016417      2.535552515      -2.25341787       3.64432105 
  1.465793347e-10     0.2905711263   2.90816483e-14      1.162284505      1.769908196      5.672613182      2.540038159     -1.876862796      3.646770992 
  9.270491114e-11     0.2907470219  2.683246718e-14      1.162988088       1.39090318       4.47016417      2.535552515      -2.25341787       3.64432105 
   5.86317339e-11     0.2905711263  2.225694552e-14      1.162284505      1.769908196      5.672613182      2.540038159     -1.876862796      3.646770992 
  3.708196446e-11     0.2907470219  2.057765079e-14      1.162988088       1.39090318       4.47016417      2.535552515      -2.25341787       3.64432105 
  2.345269356e-11     0.2905711263  2.049777089e-14      1.162284505      1.769908196      5.672613182      2.540038159     -1.876862796      3.646770992 
  1.483278578e-11     0.2907470219  2.219574071e-14      1.162988088       1.39090318       4.47016417      2.535552515      -2.25341787       3.64432105 
  9.381077424e-12     0.2905711263  2.213413219e-14      1.162284505      1.769908196      5.672613182      2.540038159     -1.876862796      3.646770992 
  5.933114313e-12     0.2907470219  2.156453773e-14      1.162988088       1.39090318       4.47016417      2.535552515      -2.25341787       3.64432105 
   3.75243097e-12     0.2905711263  1.700189759e-14      1.162284505      1.769908196      5.672613182      2.540038159     -1.876862796      3.646770992 
  2.373245725e-12     0.2907470219  1.537473355e-14      1.162988088       1.39090318       4.47016417      2.535552515      -2.25341787       3.64432105 
  1.500972388e-12     0.2905711263  1.781706843e-14      1.162284505      1.769908196      5.672613182      2.540038159     -1.876862796      3.646770992 
  9.492982901e-13     0.2907470219  1.997291356e-14      1.162988088       1.39090318       4.47016417      2.535552515      -2.25341787       3.64432105 
  6.003889551e-13     0.2905711263  2.635341121e-14      1.162284505      1.769908196      5.672613182      2.540038159     -1.876862796      3.646770992 
   3.79719316e-13     0.2907470219  3.074913431e-14      1.162988088       1.39090318       4.47016417      2.535552515      -2.25341787       3.64432105 
  2.401555821e-13     0.2905711263  3.336355949e-14      1.162284505      1.769908196      5.672613182      2.540038159     -1.876862796      3.646770992 
  1.518877264e-13     0.2907470219  3.284390939e-14      1.162988088       1.39090318       4.47016417      2.535552515      -2.25341787       3.64432105 
  9.606223282e-14     0.2905711263  3.322687152e-14      1.162284505      1.769908196      5.672613182      2.540038159     -1.876862796      3.646770992 
  6.075509057e-14     0.2907470219  3.424033852e-14      1.162988088       1.39090318       4.47016417      2.535552515      -2.25341787       3.64432105 
  3.842489313e-14     0.2905711263  4.024811256e-14      1.162284505      1.769908196      5.672613182      2.540038159     -1.876862796      3.646770992 
  2.430203623e-14     0.2907470219  4.686438799e-14      1.162988088       1.39090318       4.47016417      2.535552515      -2.25341787       3.64432105 
  1.536995725e-14     0.2905711263  5.260447643e-14      1.162284505      1.769908196      5.672613182      2.540038159     -1.876862796      3.646770992 
  9.720814491e-15     0.2907470219  5.614001895e-14      1.162988088       1.39090318       4.47016417      2.535552515      -2.25341787       3.64432105 
  6.147982901e-15     0.2905711263  5.786522503e-14      1.162284505      1.769908196      5.672613182      2.540038159     -1.876862796      3.646770992 
  3.888325796e-15     0.2907470219  5.422530934e-14      1.162988088       1.39090318       4.47016417      2.535552515      -2.25341787       3.64432105 
   2.45919316e-15     0.2905711263  5.466923847e-14      1.162284505      1.769908196      5.672613182      2.540038159     -1.876862796      3.646770992 
  1.555330319e-15     0.2907470219   5.82891876e-14      1.162988088       1.39090318       4.47016417      2.535552515      -2.25341787       3.64432105 
