# Input file for NRG Ljubljana
# symtype 	QS
# Using sneg version 	1.251
#!9
# Number of channels, chain sites, subspaces: 
1	75	6
# SCALE 	1.301886018982905
# Energies (GS energy subtracted, multiplied by 1/SCALE):
-2	1
1
0.03840581991890686
-1	2
2
0.	0.03840581991890686
0	1
3
0.	0.03840581991890686	0.03840581991890686
0	3
1
0.
1	2
2
0.	0.03840581991890686
2	1
1
0.03840581991890686
# Irreducible matrix elements for Wilson chains:
f 0 0
6
2	1	1	2
0.	1.4142135623730951
1	2	0	3
1.224744871391589
0.
1	2	0	1
-0.7071067811865475	0.	0.
0.	1.	0.
0	3	-1	2
1.	0.
0	1	-1	2
1.	0.
0.	0.
0.	1.4142135623730951
-1	2	-2	1
0.
1.
# GS energy in absolute units:
e
0.
# Irreducible matrix elements for other operators:
# Discretization tables:
z
75
0.58913685694292007439
0.47741918489239011866
0.3315903358711175694
0.20824095475472420173
0.13123911059322971796
0.083143076780119705795
0.052648183190591605736
0.033315742706190423076
0.021075458022089732063
0.013330501136558451294
0.0084312569488098544299
0.0053324730940130362855
0.0033725718528009084735
0.0021330067220298358642
0.0013490331653906104395
0.00085320380817694500609
0.00053961354934613542074
0.00034128159491384108686
0.00021584543786298183256
0.00013651264255073038019
0.000086338176305166339507
0.000054605057313744952755
0.000034535270596304885898
0.00002184202294427896432
0.000013814108243273209167
8.7368091789135686949e-6
5.5256432976133639788e-6
3.4947236716423543882e-6
2.2102573190648067315e-6
1.3978894686618650776e-6
8.8410292762716820557e-7
5.5915578746506112365e-7
3.5364117105094699506e-7
2.2366231498604461539e-7
1.4145646842038389964e-7
8.9464925994419136774e-8
5.6582587368153886361e-8
3.5785970397767737309e-8
2.2633034947261575441e-8
1.431438815910710021e-8
9.0532139789046315137e-9
5.7257552636428404224e-9
3.6212855915618526911e-9
2.2903021054571361906e-9
1.4485142366247410819e-9
9.1612084218285447762e-10
5.7940569464989643311e-10
3.6644833687314179114e-10
2.3176227785995857327e-10
1.4657933474925671646e-10
9.2704911143983429308e-11
5.8631733899702686585e-11
3.7081964457593371723e-11
2.3452693559881074634e-11
1.4832785783037348689e-11
9.3810774239524298536e-12
5.9331143132149394757e-12
3.7524309695809719414e-12
2.3732457252859757903e-12
1.5009723878323887766e-12
9.4929829011439031612e-13
6.0038895513295551063e-13
3.7971931604575612645e-13
2.4015558205318220425e-13
1.5188772641830245058e-13
9.6062232821272881701e-14
6.0755090567320980232e-14
3.842489312850915268e-14
2.4302036226928392093e-14
1.5369957251403661072e-14
9.7208144907713568371e-15
6.1479829005614644288e-15
3.8883257963085427348e-15
2.4591931602245857715e-15
1.5553303185234170939e-15
9.8367726408983430861e-16
75
0.e-999
0.e-998
0.e-997
0.e-997
0.e-996
0.e-995
0.e-994
0.e-993
0.e-992
0.e-991
0.e-991
0.e-990
0.e-989
0.e-988
0.e-987
0.e-986
0.e-985
0.e-985
0.e-984
0.e-983
0.e-982
0.e-981
0.e-980
0.e-979
0.e-978
0.e-978
0.e-977
0.e-976
0.e-975
0.e-974
0.e-973
0.e-972
0.e-972
0.e-971
0.e-970
0.e-969
0.e-968
0.e-967
0.e-966
0.e-965
0.e-965
0.e-964
0.e-963
0.e-962
0.e-961
0.e-960
0.e-959
0.e-959
0.e-958
0.e-957
0.e-956
0.e-955
0.e-954
0.e-953
0.e-952
0.e-952
0.e-951
0.e-950
0.e-949
0.e-948
0.e-947
0.e-946
0.e-946
0.e-945
0.e-944
0.e-943
0.e-942
0.e-941
0.e-940
0.e-939
0.e-939
0.e-938
0.e-937
0.e-936
0.e-922
0.e-892
