#               T           <Sz^2>              <Q>            <Q^2>              <E>            <E^2>                C                F                S 
      1.301886019     0.2524000687 -1.414424897e-17      0.990399725    0.01883420353   0.000723343029  0.0003686158065     -2.753570177       2.77240438 
     0.8233850148     0.3493418766  5.236783237e-17      1.367014367     0.9692818739       1.39206491      0.452557559     -2.948663165      3.917945039 
     0.5207544076     0.4093109584  4.339892535e-16      1.589273406      1.146885444      2.617977293      1.302631072     -3.563965017      4.710850461 
     0.3293540059     0.4286676537  1.493670289e-15      1.638909897      1.832491024      5.612058144      2.254034792     -3.207473294      5.039964318 
      0.208301763     0.4333206315  1.449088979e-15        1.6138373      1.527905786      4.943079553      2.608583462     -3.537687304       5.06559309 
     0.1317416024     0.4394310238 -1.224526303e-15      1.570196459      1.934393405       6.36280236      2.620924516        -3.092235      5.026628405 
    0.08332070521     0.4521429421 -5.329551427e-15      1.517203219      1.603458721       5.18733783      2.616257961     -3.383840043      4.987298764 
    0.05269664095     0.4707617195 -7.073051402e-15      1.441283222      2.034283459      6.853896131      2.715586939     -2.897071338      4.931354797 
    0.03332828209     0.4951275872 -5.810963151e-15      1.345246213      1.663592371      5.628995168       2.86145559     -3.147811342      4.811403713 
    0.02107865638     0.5192205171   -2.7829425e-15      1.247490567      1.971572497      6.858256175      2.971158063     -2.659098294      4.630670791 
    0.01333131283     0.5349860401 -2.254974974e-15      1.185798593      1.475976299      5.018329667      2.839823631      -2.96968874       4.44566504 
   0.008431462551     0.5398897913 -1.712106904e-15      1.164843399      1.785030059      5.812644637      2.626312327     -2.572603101      4.357633159 
   0.005332525134     0.5407073165 -1.485126919e-15      1.162982089      1.390934756      4.469347939      2.534648443     -2.946575199      4.337509955 
   0.003372585021     0.5405620863 -1.753863031e-15      1.162248345      1.769548005      5.667386867      2.536086725     -2.569974133      4.339522138 
   0.002133010054     0.5407319157 -2.571622036e-15      1.162927663      1.390341319      4.462459704      2.529410719     -2.946510431      4.336851751 
   0.001349034008     0.5405621568 -2.250920445e-15      1.162248627      1.769548385      5.667392563      2.536091078     -2.569974809      4.339523194 
  0.0008532040214     0.5407319316 -1.026567922e-15      1.162927726      1.390341362      4.462459749      2.529410646     -2.946510543      4.336851905 
  0.0005396136033     0.5405621635 -3.199140464e-15      1.162248654      1.769548351      5.667392377      2.536091011     -2.569974904      4.339523254 
  0.0003412816086     0.5407319339  -5.04734772e-15      1.162927735      1.390341366      4.462459738      2.529410623      -2.94651056      4.336851926 
  0.0002158454413     0.5405621645 -5.061261018e-15      1.162248658      1.769548345      5.667392343      2.536090998     -2.569974918      4.339523263 
  0.0001365126434     0.5407319342 -4.467059206e-15      1.162927737      1.390341367      4.462459735      2.529410619     -2.946510563      4.336851929 
  8.633817653e-05     0.5405621646 -4.971232704e-15      1.162248658      1.769548344      5.667392337      2.536090996     -2.569974921      4.339523265 
  5.460505737e-05     0.5407319343 -4.796753308e-15      1.162927737      1.390341367      4.462459734      2.529410618     -2.946510563       4.33685193 
  3.453527061e-05     0.5405621646 -5.924810967e-15      1.162248659      1.769548344      5.667392336      2.536090996     -2.569974921      4.339523265 
  2.184202295e-05     0.5407319343 -6.449639925e-15      1.162927737      1.390341367      4.462459734      2.529410618     -2.946510563       4.33685193 
  1.381410824e-05     0.5405621646 -7.947498268e-15      1.162248659      1.769548344      5.667392336      2.536090996     -2.569974921      4.339523265 
  8.736809179e-06     0.5407319343 -8.632402896e-15      1.162927737      1.390341367      4.462459734      2.529410618     -2.946510563       4.33685193 
  5.525643298e-06     0.5405621646 -1.296706544e-14      1.162248659      1.769548343      5.667392335      2.536090996     -2.569974921      4.339523265 
  3.494723672e-06     0.5407319343 -1.750138171e-14      1.162927737      1.390341367      4.462459734      2.529410618     -2.946510563       4.33685193 
  2.210257319e-06     0.5405621646  -2.14006764e-14      1.162248659      1.769548343      5.667392335      2.536090995     -2.569974921      4.339523265 
  1.397889469e-06     0.5407319343 -2.353295003e-14      1.162927737      1.390341367      4.462459734      2.529410618     -2.946510563       4.33685193 
  8.841029276e-07     0.5405621646 -2.315334414e-14      1.162248659      1.769548343      5.667392335      2.536090995     -2.569974921      4.339523265 
  5.591557875e-07     0.5407319343 -2.122539311e-14      1.162927737      1.390341367      4.462459734      2.529410618     -2.946510563       4.33685193 
  3.536411711e-07     0.5405621646 -2.283922894e-14      1.162248659      1.769548343      5.667392335      2.536090995     -2.569974921      4.339523265 
   2.23662315e-07     0.5407319343 -2.217918792e-14      1.162927737      1.390341367      4.462459734      2.529410618     -2.946510563       4.33685193 
  1.414564684e-07     0.5405621646 -2.359494213e-14      1.162248659      1.769548343      5.667392335      2.536090995     -2.569974921      4.339523265 
  8.946492599e-08     0.5407319343 -2.155656779e-14      1.162927737      1.390341367      4.462459734      2.529410618     -2.946510563       4.33685193 
  5.658258737e-08     0.5405621646 -2.071603063e-14      1.162248659      1.769548343      5.667392335      2.536090995     -2.569974921      4.339523265 
   3.57859704e-08     0.5407319343  -1.91114669e-14      1.162927737      1.390341367      4.462459734      2.529410618     -2.946510563       4.33685193 
  2.263303495e-08     0.5405621646 -1.978566608e-14      1.162248659      1.769548343      5.667392335      2.536090995     -2.569974921      4.339523265 
  1.431438816e-08     0.5407319343 -1.984589178e-14      1.162927737      1.390341367      4.462459734      2.529410618     -2.946510563       4.33685193 
  9.053213979e-09     0.5405621646 -1.967543475e-14      1.162248659      1.769548343      5.667392335      2.536090995     -2.569974921      4.339523265 
  5.725755264e-09     0.5407319343 -1.697121066e-14      1.162927737      1.390341367      4.462459734      2.529410618     -2.946510563       4.33685193 
  3.621285592e-09     0.5405621646 -1.457363337e-14      1.162248659      1.769548343      5.667392335      2.536090995     -2.569974921      4.339523265 
  2.290302105e-09     0.5407319343 -1.287420404e-14      1.162927737      1.390341367      4.462459734      2.529410618     -2.946510563       4.33685193 
  1.448514237e-09     0.5405621646 -1.481264978e-14      1.162248659      1.769548343      5.667392335      2.536090995     -2.569974921      4.339523265 
  9.161208422e-10     0.5407319343 -1.842751539e-14      1.162927737      1.390341367      4.462459734      2.529410618     -2.946510563       4.33685193 
  5.794056946e-10     0.5405621646   -2.0327884e-14      1.162248659      1.769548343      5.667392335      2.536090995     -2.569974921      4.339523265 
  3.664483369e-10     0.5407319343 -2.007880043e-14      1.162927737      1.390341367      4.462459734      2.529410618     -2.946510563       4.33685193 
  2.317622779e-10     0.5405621646 -2.270317514e-14      1.162248659      1.769548343      5.667392335      2.536090995     -2.569974921      4.339523265 
  1.465793347e-10     0.5407319343 -2.552600866e-14      1.162927737      1.390341367      4.462459734      2.529410618     -2.946510563       4.33685193 
  9.270491114e-11     0.5405621646 -2.757649521e-14      1.162248659      1.769548343      5.667392335      2.536090995     -2.569974921      4.339523265 
   5.86317339e-11     0.5407319343 -2.619798461e-14      1.162927737      1.390341367      4.462459734      2.529410618     -2.946510563       4.33685193 
  3.708196446e-11     0.5405621646  -2.65326231e-14      1.162248659      1.769548343      5.667392335      2.536090995     -2.569974921      4.339523265 
  2.345269356e-11     0.5407319343 -2.263015818e-14      1.162927737      1.390341367      4.462459734      2.529410618     -2.946510563       4.33685193 
  1.483278578e-11     0.5405621646 -1.765958881e-14      1.162248659      1.769548343      5.667392335      2.536090995     -2.569974921      4.339523265 
  9.381077424e-12     0.5407319343 -1.295110851e-14      1.162927737      1.390341367      4.462459734      2.529410618     -2.946510563       4.33685193 
  5.933114313e-12     0.5405621646 -1.014171265e-14      1.162248659      1.769548343      5.667392335      2.536090995     -2.569974921      4.339523265 
   3.75243097e-12     0.5407319343 -7.702905178e-15      1.162927737      1.390341367      4.462459734      2.529410618     -2.946510563       4.33685193 
  2.373245725e-12     0.5405621646 -9.485679103e-15      1.162248659      1.769548343      5.667392335      2.536090995     -2.569974921      4.339523265 
  1.500972388e-12     0.5407319343 -1.080503817e-14      1.162927737      1.390341367      4.462459734      2.529410618     -2.946510563       4.33685193 
  9.492982901e-13     0.5405621646 -1.418272136e-14      1.162248659      1.769548343      5.667392335      2.536090995     -2.569974921      4.339523265 
  6.003889551e-13     0.5407319343 -1.715081008e-14      1.162927737      1.390341367      4.462459734      2.529410618     -2.946510563       4.33685193 
   3.79719316e-13     0.5405621646 -1.913970293e-14      1.162248659      1.769548343      5.667392335      2.536090995     -2.569974921      4.339523265 
  2.401555821e-13     0.5407319343 -2.027010207e-14      1.162927737      1.390341367      4.462459734      2.529410618     -2.946510563       4.33685193 
  1.518877264e-13     0.5405621646 -2.252494415e-14      1.162248659      1.769548343      5.667392335      2.536090995     -2.569974921      4.339523265 
  9.606223282e-14     0.5407319343 -2.110194592e-14      1.162927737      1.390341367      4.462459734      2.529410618     -2.946510563       4.33685193 
  6.075509057e-14     0.5405621646 -2.148237849e-14      1.162248659      1.769548343      5.667392335      2.536090995     -2.569974921      4.339523265 
  3.842489313e-14     0.5407319343 -2.140262645e-14      1.162927737      1.390341367      4.462459734      2.529410618     -2.946510563       4.33685193 
  2.430203623e-14     0.5405621646 -2.388263739e-14      1.162248659      1.769548343      5.667392335      2.536090995     -2.569974921      4.339523265 
  1.536995725e-14     0.5407319343 -2.608265353e-14      1.162927737      1.390341367      4.462459734      2.529410618     -2.946510563       4.33685193 
  9.720814491e-15     0.5405621646 -2.895651271e-14      1.162248659      1.769548343      5.667392335      2.536090995     -2.569974921      4.339523265 
  6.147982901e-15     0.5407319343 -3.017024426e-14      1.162927737      1.390341367      4.462459734      2.529410618     -2.946510563       4.33685193 
  3.888325796e-15     0.5405621646 -2.878128099e-14      1.162248659      1.769548343      5.667392335      2.536090995     -2.569974921      4.339523265 
   2.45919316e-15     0.5407319343  -2.39680397e-14      1.162927737      1.390341367      4.462459734      2.529410618     -2.946510563       4.33685193 
  1.555330319e-15     0.5405621646 -2.034494407e-14      1.162248659      1.769548343      5.667392335      2.536090995     -2.569974921      4.339523265 
