#               T           <Sz^2>              <Q>            <Q^2>              <E>            <E^2>                C                F                S 
      1.459874303      0.252140386  1.411541839e-17     0.9914384559    0.01683153319  0.0005764720002  0.0002931714905     -2.755610582      2.772442115 
     0.9233055792      0.353428697 -3.205755274e-17      1.386644777     0.9214569096      1.235152813     0.3860699766     -3.033957763      3.955414672 
     0.5839497213     0.4165555403  7.041526263e-17      1.623436393      1.151052777      2.543619065      1.218696571     -3.633374896      4.784427673 
     0.3693222317     0.4350516614  3.167045131e-16      1.672618282      1.864260741      5.716966923      2.241498813     -3.259199678      5.123460419 
     0.2335798885      0.435455196  2.754404942e-15      1.635181775       1.55846353      5.118844877      2.690036301     -3.565852188      5.124315718 
     0.1477288927     0.4377048528  6.018549819e-15      1.583178705      1.934270625      6.416233005      2.674830156     -3.112926033      5.047196657 
    0.09343195541     0.4484441775  6.013889198e-15      1.532394992      1.589486295      5.134241498      2.607774815      -3.40763518      4.997121475 
    0.05909155707     0.4654917311  6.047715434e-15      1.462445805       2.02343001      6.778957661      2.684688658     -2.926960447      4.950390456 
    0.03737278217     0.4887641171  2.581771504e-15      1.370724405      1.668027469      5.602540437      2.820224801     -3.179480471       4.84750794 
    0.02363662283     0.5136509355 -1.275591721e-16      1.269771541      1.996740992      6.948147186      2.961172597     -2.683781529       4.68052252 
    0.01494911287     0.5322067271 -2.082049533e-15      1.196886322      1.503778681      5.153489237      2.892138916     -2.981122611      4.484901292 
   0.009454649131     0.5393046187 -5.179039139e-15      1.167233997      1.795921596      5.898828653      2.673494275     -2.574994704        4.3709163 
   0.005979645147     0.5406744268 -8.194377232e-15      1.163129111      1.392092798      4.481337405      2.543415048     -2.946726199      4.338818997 
   0.003781859653     0.5405531891 -8.298913972e-15       1.16221497      1.769432277      5.665803465      2.534912882     -2.569962978      4.339395255 
   0.002391858059     0.5407276314 -5.489201066e-15      1.162910526      1.390252729      4.461347931       2.52854528     -2.946500963      4.336753692 
   0.001512743861     0.5405621327 -4.273782597e-15      1.162248531      1.769547895      5.667387151      2.536087398     -2.569974846      4.339522741 
  0.0009567432234     0.5407319323 -3.292794021e-15      1.162927729      1.390341352       4.46245965      2.529410576     -2.946510558       4.33685191 
  0.0006050975444     0.5405621646 -6.161698369e-15      1.162248658      1.769548341      5.667392309      2.536090977     -2.569974921      4.339523263 
  0.0003826972894     0.5407319345 -6.489206853e-15      1.162927738      1.390341368      4.462459738      2.529410619     -2.946510565      4.336851933 
  0.0002420390178     0.5405621648 -6.453196796e-15      1.162248659      1.769548345      5.667392342      2.536090997     -2.569974922      4.339523267 
  0.0001530789158     0.5407319344 -6.183788485e-15      1.162927738      1.390341368      4.462459739       2.52941062     -2.946510564      4.336851932 
   9.68156071e-05     0.5405621647 -4.986892456e-15      1.162248659      1.769548344      5.667392339      2.536090997     -2.569974922      4.339523266 
   6.12315663e-05     0.5407319343 -5.441355696e-15      1.162927737      1.390341367      4.462459736      2.529410619     -2.946510564      4.336851931 
  3.872624284e-05     0.5405621647 -5.804716179e-15      1.162248659      1.769548344      5.667392337      2.536090996     -2.569974921      4.339523265 
  2.449262652e-05     0.5407319343  -6.38091563e-15      1.162927737      1.390341367      4.462459735      2.529410618     -2.946510563       4.33685193 
  1.549049714e-05     0.5405621647 -8.016952199e-15      1.162248659      1.769548344      5.667392336      2.536090996     -2.569974921      4.339523265 
  9.797050608e-06     0.5407319343 -7.125258933e-15      1.162927737      1.390341367      4.462459734      2.529410618     -2.946510563       4.33685193 
  6.196198855e-06     0.5405621647 -3.912933119e-15      1.162248659      1.769548344      5.667392336      2.536090996     -2.569974921      4.339523265 
  3.918820243e-06     0.5407319343  1.630060141e-15      1.162927737      1.390341367      4.462459734      2.529410618     -2.946510563       4.33685193 
  2.478479542e-06     0.5405621646  2.834953817e-15      1.162248659      1.769548344      5.667392336      2.536090996     -2.569974921      4.339523265 
  1.567528097e-06     0.5407319343    3.1067185e-15      1.162927737      1.390341367      4.462459734      2.529410618     -2.946510563       4.33685193 
  9.913918167e-07     0.5405621646  1.720644957e-15      1.162248659      1.769548343      5.667392335      2.536090996     -2.569974921      4.339523265 
  6.270112389e-07     0.5407319343  9.909828566e-16      1.162927737      1.390341367      4.462459734      2.529410618     -2.946510563       4.33685193 
  3.965567267e-07     0.5405621646  7.939030984e-16      1.162248659      1.769548343      5.667392335      2.536090996     -2.569974921      4.339523265 
  2.508044956e-07     0.5407319343   2.54368439e-16      1.162927737      1.390341367      4.462459734      2.529410618     -2.946510563       4.33685193 
  1.586226907e-07     0.5405621646  3.234966886e-15      1.162248659      1.769548343      5.667392335      2.536090995     -2.569974921      4.339523265 
  1.003217982e-07     0.5407319343  6.563610015e-15      1.162927737      1.390341367      4.462459734      2.529410618     -2.946510563       4.33685193 
  6.344907627e-08     0.5405621646  7.593891893e-15      1.162248659      1.769548343      5.667392335      2.536090995     -2.569974921      4.339523265 
  4.012871929e-08     0.5407319343  8.695671842e-15      1.162927737      1.390341367      4.462459734      2.529410618     -2.946510563       4.33685193 
  2.537963051e-08     0.5405621646   8.22552456e-15      1.162248659      1.769548343      5.667392335      2.536090995     -2.569974921      4.339523265 
  1.605148772e-08     0.5407319343  6.835032113e-15      1.162927737      1.390341367      4.462459734      2.529410618     -2.946510563       4.33685193 
   1.01518522e-08     0.5405621646  5.007281676e-15      1.162248659      1.769548343      5.667392335      2.536090995     -2.569974921      4.339523265 
  6.420595086e-09     0.5407319343  3.867719692e-15      1.162927737      1.390341367      4.462459734      2.529410618     -2.946510563       4.33685193 
  4.060740881e-09     0.5405621646  3.444712406e-15      1.162248659      1.769548343      5.667392335      2.536090995     -2.569974921      4.339523265 
  2.568238035e-09     0.5407319343 -7.670516181e-18      1.162927737      1.390341367      4.462459734      2.529410618     -2.946510563       4.33685193 
  1.624296353e-09     0.5405621646  3.861785036e-15      1.162248659      1.769548343      5.667392335      2.536090995     -2.569974921      4.339523265 
  1.027295214e-09     0.5407319343  6.568246776e-15      1.162927737      1.390341367      4.462459734      2.529410618     -2.946510563       4.33685193 
   6.49718541e-10     0.5405621646  7.721058828e-15      1.162248659      1.769548343      5.667392335      2.536090995     -2.569974921      4.339523265 
  4.109180855e-10     0.5407319343  6.160729962e-15      1.162927737      1.390341367      4.462459734      2.529410618     -2.946510563       4.33685193 
  2.598874164e-10     0.5405621646  5.159206316e-15      1.162248659      1.769548343      5.667392335      2.536090995     -2.569974921      4.339523265 
  1.643672342e-10     0.5407319343  4.350005533e-15      1.162927737      1.390341367      4.462459734      2.529410618     -2.946510563       4.33685193 
  1.039549666e-10     0.5405621646  4.882497883e-15      1.162248659      1.769548343      5.667392335      2.536090995     -2.569974921      4.339523265 
  6.574689369e-11     0.5407319343  4.547349065e-15      1.162927737      1.390341367      4.462459734      2.529410618     -2.946510563       4.33685193 
  4.158198663e-11     0.5405621646  5.886227409e-15      1.162248659      1.769548343      5.667392335      2.536090995     -2.569974921      4.339523265 
  2.629875747e-11     0.5407319343   5.60099013e-15      1.162927737      1.390341367      4.462459734      2.529410618     -2.946510563       4.33685193 
  1.663279465e-11     0.5405621646  6.990983994e-15      1.162248659      1.769548343      5.667392335      2.536090995     -2.569974921      4.339523265 
  1.051950299e-11     0.5407319343  1.031577512e-14      1.162927737      1.390341367      4.462459734      2.529410618     -2.946510563       4.33685193 
   6.65311786e-12     0.5405621646  1.269577989e-14      1.162248659      1.769548343      5.667392335      2.536090995     -2.569974921      4.339523265 
  4.207801196e-12     0.5407319343  1.292912767e-14      1.162927737      1.390341367      4.462459734      2.529410618     -2.946510563       4.33685193 
  2.661247144e-12     0.5405621646  1.394742877e-14      1.162248659      1.769548343      5.667392335      2.536090995     -2.569974921      4.339523265 
  1.683120478e-12     0.5407319343  1.234274319e-14      1.162927737      1.390341367      4.462459734      2.529410618     -2.946510563       4.33685193 
  1.064498858e-12     0.5405621646  1.241033033e-14      1.162248659      1.769548343      5.667392335      2.536090995     -2.569974921      4.339523265 
  6.732481913e-13     0.5407319343  1.151710494e-14      1.162927737      1.390341367      4.462459734      2.529410618     -2.946510563       4.33685193 
   4.25799543e-13     0.5405621646  9.231217131e-15      1.162248659      1.769548343      5.667392335      2.536090995     -2.569974921      4.339523265 
  2.692992765e-13     0.5407319343  8.064115593e-15      1.162927737      1.390341367      4.462459734      2.529410618     -2.946510563       4.33685193 
  1.703198172e-13     0.5405621646    6.4980035e-15      1.162248659      1.769548343      5.667392335      2.536090995     -2.569974921      4.339523265 
  1.077197106e-13     0.5407319343  7.136865785e-15      1.162927737      1.390341367      4.462459734      2.529410618     -2.946510563       4.33685193 
  6.812792689e-14     0.5405621646  7.373889787e-15      1.162248659      1.769548343      5.667392335      2.536090995     -2.569974921      4.339523265 
  4.308788425e-14     0.5407319343  8.801382033e-15      1.162927737      1.390341367      4.462459734      2.529410618     -2.946510563       4.33685193 
  2.725117075e-14     0.5405621646  9.332367625e-15      1.162248659      1.769548343      5.667392335      2.536090995     -2.569974921      4.339523265 
   1.72351537e-14     0.5407319343  1.001493087e-14      1.162927737      1.390341367      4.462459734      2.529410618     -2.946510563       4.33685193 
   1.09004683e-14     0.5405621646  8.789227573e-15      1.162248659      1.769548343      5.667392335      2.536090995     -2.569974921      4.339523265 
  6.894061479e-15     0.5407319343   9.91099879e-15      1.162927737      1.390341367      4.462459734      2.529410618     -2.946510563       4.33685193 
  4.360187321e-15     0.5405621646  9.351165661e-15      1.162248659      1.769548343      5.667392335      2.536090995     -2.569974921      4.339523265 
  2.757624592e-15     0.5407319343  1.140004557e-14      1.162927737      1.390341367      4.462459734      2.529410618     -2.946510563       4.33685193 
  1.744074928e-15     0.5405621646  1.473468915e-14      1.162248659      1.769548343      5.667392335      2.536090995     -2.569974921      4.339523265 
  1.103049837e-15     0.5407319343  2.019808777e-14      1.162927737      1.390341367      4.462459734      2.529410618     -2.946510563       4.33685193 
