#               1                2                3                4 
#               T            SZ2f0             SZf0              n_f 
      1.020139447     0.1250572167     0.1828771385                1 
     0.7213475204     0.1250958579      0.181516294                1 
     0.5100697233     0.1251664674      0.179614514                1 
     0.3606737602      0.125258585     0.1776640654                1 
     0.2550348616     0.1253530081     0.1759879835                1 
     0.1803368801     0.1254256319     0.1748227711                1 
     0.1275174308     0.1254723977     0.1741294184                1 
    0.09016844006      0.125500109     0.1737213742                1 
    0.06375871541     0.1255177282     0.1734757347                1 
    0.04508422003     0.1255291077     0.1733146374                1 
    0.03187935771     0.1255368448     0.1732080391                1 
    0.02254211001     0.1255422784     0.1731323656                1 
    0.01593967885     0.1255461504     0.1730791062                1 
    0.01127105501     0.1255490161     0.1730394561                1 
   0.007969839427      0.125551119     0.1730105167                1 
   0.005635527503       0.12555272     0.1729884204                1 
   0.003984919713     0.1255539153     0.1729719621                1 
   0.002817763752     0.1255548387     0.1729592316                1 
   0.001992459857     0.1255555352     0.1729496382                1 
   0.001408881876     0.1255560776      0.172942163                1 
  0.0009962299283     0.1255564896     0.1729364871                1 
  0.0007044409379     0.1255568121      0.172932043                1 
  0.0004981149642     0.1255570585     0.1729286471                1 
   0.000352220469     0.1255572523     0.1729259778                1 
  0.0002490574821     0.1255574011      0.172923927                1 
  0.0001761102345     0.1255575187     0.1729223076                1 
   0.000124528741     0.1255576093     0.1729210583                1 
  8.805511724e-05     0.1255576813     0.1729200669                1 
  6.226437052e-05     0.1255577371     0.1729192978                1 
  4.402755862e-05     0.1255577816     0.1729186847                1 
  3.113218526e-05     0.1255578163     0.1729182061                1 
  2.201377931e-05     0.1255578442     0.1729178228                1 
  1.556609263e-05      0.125557866     0.1729175214                1 
  1.100688966e-05     0.1255578836     0.1729172788                1 
  7.783046315e-06     0.1255578976     0.1729170866                1 
  5.503444828e-06     0.1255579089      0.172916931                1 
  3.891523157e-06     0.1255579179     0.1729168067                1 
  2.751722414e-06     0.1255579252     0.1729167054                1 
  1.945761579e-06     0.1255579312     0.1729166237                1 
  1.375861207e-06      0.125557936     0.1729165567                1 
  9.728807894e-07       0.12555794     0.1729165021                1 
  6.879306035e-07     0.1255579433      0.172916457                1 
  4.864403947e-07      0.125557946     0.1729164198                1 
  3.439653017e-07     0.1255579482     0.1729163887                1 
  2.432201973e-07     0.1255579501     0.1729163629                1 
  1.719826509e-07     0.1255579517      0.172916341                1 
  1.216100987e-07      0.125557953     0.1729163226                1 
  8.599132543e-08     0.1255579542     0.1729163068                1 
  6.080504934e-08     0.1255579552     0.1729162933                1 
  4.299566272e-08      0.125557956     0.1729162816                1 
  3.040252467e-08     0.1255579567     0.1729162715                1 
  2.149783136e-08     0.1255579574     0.1729162626                1 
  1.520126233e-08      0.125557958     0.1729162547                1 
  1.074891568e-08     0.1255579585     0.1729162477                1 
  7.600631167e-09     0.1255579589     0.1729162414                1 
  5.374457839e-09     0.1255579593     0.1729162357                1 
  3.800315583e-09     0.1255579597     0.1729162306                1 
   2.68722892e-09       0.12555796     0.1729162259                1 
  1.900157792e-09     0.1255579604     0.1729162217                1 
   1.34361446e-09     0.1255579606     0.1729162179                1 
  9.500788959e-10     0.1255579609     0.1729162145                1 
  6.718072299e-10     0.1255579611     0.1729162115                1 
  4.750394479e-10     0.1255579613      0.172916209                1 
   3.35903615e-10     0.1255579614     0.1729162069                1 
   2.37519724e-10     0.1255579615     0.1729162053                1 
  1.679518075e-10     0.1255579616     0.1729162042                1 
   1.18759862e-10     0.1255579617     0.1729162034                1 
  8.397590374e-11     0.1255579617     0.1729162029                1 
  5.937993099e-11     0.1255579617     0.1729162027                1 
  4.198795187e-11     0.1255579617     0.1729162025                1 
   2.96899655e-11     0.1255579618     0.1729162024                1 
  2.099397594e-11     0.1255579618     0.1729162024                1 
  1.484498275e-11     0.1255579618     0.1729162024                1 
  1.049698797e-11     0.1255579618     0.1729162024                1 
  7.422491374e-12     0.1255579618     0.1729162024                1 
  5.248493984e-12     0.1255579618     0.1729162024                1 
  3.711245687e-12     0.1255579618     0.1729162023                1 
  2.624246992e-12     0.1255579618     0.1729162023                1 
  1.855622843e-12     0.1255579618     0.1729162023                1 
  1.312123496e-12     0.1255579618     0.1729162023                1 
  9.278114217e-13     0.1255579618     0.1729162023                1 
   6.56061748e-13     0.1255579618     0.1729162023                1 
  4.639057109e-13     0.1255579618     0.1729162023                1 
   3.28030874e-13     0.1255579618     0.1729162023                1 
  2.319528554e-13     0.1255579618     0.1729162023                1 
   1.64015437e-13     0.1255579618     0.1729162023                1 
  1.159764277e-13     0.1255579618     0.1729162023                1 
   8.20077185e-14     0.1255579618     0.1729162023                1 
  5.798821386e-14     0.1255579618     0.1729162023                1 
  4.100385925e-14     0.1255579618     0.1729162023                1 
  2.899410693e-14     0.1255579618     0.1729162023                1 
  2.050192962e-14     0.1255579618     0.1729162023                1 
  1.449705346e-14     0.1255579618     0.1729162023                1 
  1.025096481e-14     0.1255579618     0.1729162023                1 
  7.248526732e-15     0.1255579618     0.1729162023                1 
  5.125482406e-15     0.1255579618     0.1729162023                1 
  3.624263366e-15     0.1255579618     0.1729162023                1 
  2.562741203e-15     0.1255579618     0.1729162023                1 
  1.812131683e-15     0.1255579618     0.1729162023                1 
  1.281370602e-15     0.1255579618     0.1729162023                1 
