#               T           <Sz^2>              <Q>            <Q^2>              <E>            <E^2>                C                F                S 
      1.020139447     0.3687789679                0      0.499771133    0.07259621508    0.00621586605  0.0009456556062      -2.00638002      2.078976235 
     0.7213475204     0.4597380113                0     0.8694104217     0.9658699704      1.430932556     0.4980277561     -2.232629774      3.198499744 
     0.5100697233     0.5291960844  1.889165443e-16      1.155768407      1.167614338       2.55012315      1.186799908      -2.94966584      4.117280178 
     0.3606737602      0.567630324  7.288369949e-16      1.316613419      1.871184865      5.588571393      2.087238596     -2.847326734      4.718511598 
     0.2550348616     0.5823865048  2.391181252e-15      1.380226789      1.798725895      6.069330122      2.833915275     -3.210686578      5.009412474 
     0.1803368801     0.5855762509  2.179192354e-15      1.395149021      2.148144904      7.808038945      3.193512418     -2.948223381      5.096368285 
     0.1275174308     0.5860128599  9.346423425e-16      1.398134921      1.879352288      6.798609553       3.26664453     -3.232041372       5.11139366 
    0.09016844006     0.5858863374 -9.253146516e-16      1.398666164      2.156524017      7.923901717      3.273305881      -2.95692619      5.113450207 
    0.06375871541      0.585769118 -5.155732306e-15      1.399282869      1.882139014      6.812752427      3.270305159     -3.232441358      5.114580372 
    0.04508422003     0.5854942932 -1.761130411e-14      1.399257635      2.155968916      7.920459855      3.272257888     -2.958861163      5.114830079 
    0.03187935771     0.5852895443 -1.804478338e-14      1.399588965      1.884492053      6.821175879      3.269865582      -3.23079755      5.115289603 
    0.02254211001     0.5849614722 -1.901802618e-14       1.39942705      2.155796307      7.919506989      3.272049272     -2.959404193        5.1152005 
    0.01593967885     0.5847158727 -1.435435102e-14      1.399680675      1.886989322      6.830537872      3.269809169     -3.228482626      5.115471948 
    0.01127105501     0.5843551627  -6.29063208e-15      1.399480306      2.155697259      7.919067842      3.272037171     -2.959584608      5.115281867 
   0.007969839427     0.5840788186  2.597660147e-16      1.399711169      1.889670783      6.840685404      3.269829734     -3.225822414      5.115493197 
   0.005635527503     0.5836887197  8.309397736e-15      1.399499136      2.155599205      7.918668702      3.272060768       -2.9596682      5.115267405 
   0.003984919713     0.5833818972  1.378956884e-14      1.399722526      1.892572393      6.851691103       3.26986084     -3.222882088      5.115454481 
   0.002817763752     0.5829606844  2.366397679e-14      1.399506661      2.155485974      7.918207654       3.27208787     -2.959725797       5.11521177 
   0.001992459857     0.5826205722  2.614453024e-14      1.399727168      1.895729783      6.863677979      3.269886569     -3.219654728      5.115384511 
   0.001408881876     0.5821646684  3.333706369e-14      1.399510019      2.155353212      7.917662558      3.272115089     -2.959777365      5.115130577 
  0.0009962299283     0.5817870171  3.584816937e-14      1.399729064      1.899181902      6.876799822      3.269907926     -3.216109135      5.115291037 
  0.0007044409379     0.5812917351  3.073692133e-14      1.399511672      2.155198013      7.917023006      3.272144531     -2.959829051      5.115027064 
  0.0004981149642     0.5808712697  1.885388959e-14       1.39972989      1.902973618      6.891244445      3.269935855     -3.212201326      5.115174944 
   0.000352220469     0.5803307798  4.029915946e-15       1.39951258      2.155016632      7.916275741      3.272179058     -2.959882925      5.114899557 
  0.0002490574821     0.5798610245 -8.835050229e-15      1.399729847      1.907155458      6.907195605      3.269953663     -3.207876042        5.1150315 
  0.0001761102345     0.5792682911 -2.323611081e-14      1.399513157      2.154803926       7.91540163      3.272221669     -2.959939621      5.114743548 
   0.000124528741     0.5787409609 -3.970243573e-14      1.399729148      1.911788156      6.924885106      3.269951153     -3.203065492      5.114853648 
  8.805511724e-05     0.5780878286 -5.352832014e-14      1.399513596       2.15455303      7.914374595      3.272275837     -2.959999021      5.114552051 
  6.226437052e-05     0.5774935809 -6.148489406e-14      1.399728854      1.916950767      6.944686545      3.269986303     -3.197686915      5.114637682 
  4.402755862e-05     0.5767692661 -6.278993634e-14      1.399513995      2.154254906      7.913160354      3.272346152      -2.96006032      5.114315227 
  3.113218526e-05      0.576096386 -6.037330459e-14      1.399727567      1.922733058      6.966949658      3.270047244     -3.191637478      5.114370536 
  2.201377931e-05     0.5752877554 -6.301167323e-14      1.399514408      2.153897652      7.911713969      3.272438874     -2.960121794      5.114019446 
  1.556609263e-05     0.5745216611 -7.573892496e-14      1.399727202      1.929248767      6.992166255       3.27016545     -3.184789177      5.114037944 
  1.100688966e-05     0.5736123187 -8.839809111e-14      1.399514871      2.153465478      7.909976566         3.272563     -2.960180289      5.113645767 
  7.783046315e-06     0.5727345612  -1.01979841e-13      1.399726741      1.936634709      7.020876945      3.270322949      -3.17698042      5.113615129 
  5.503444828e-06     0.5717039192 -1.031620327e-13      1.399515415      2.152937219      7.907870436      3.272731768     -2.960230312      5.113167531 
  3.891523157e-06     0.5706909967 -9.892630346e-14      1.399726011      1.945063463      7.053791402      3.270519527     -3.168005428      5.113068891 
  2.751722414e-06      0.569512787 -9.480866772e-14      1.399516069      2.152284144       7.90529216      3.272965124     -2.960262457      5.112546601 
  1.945761579e-06     0.5683346044 -8.892513931e-14      1.399725307      1.954756738      7.091888484      3.270814578     -3.157599187      5.112355926 
  1.375861207e-06     0.5669746664 -8.997201844e-14      1.399516873      2.151466734      7.902102923      3.273293815     -2.960260645      5.111727379 
  9.728807894e-07     0.5655919198 -9.076804401e-14      1.399724438      1.965991582      7.136351018      3.271228116     -3.145415382      5.111406965 
  6.879306035e-07     0.5640054829 -9.794955704e-14      1.399517876      2.150429878        7.8981149       3.27376624     -2.960197218      5.110627096 
  4.864403947e-07     0.5623661849 -1.052251806e-13      1.399722869      1.979121747       7.18871937      3.271796479     -3.130996092      5.110117839 
  3.439653017e-07     0.5604936779 -1.080289579e-13      1.399519147      2.149095696      7.893072799      3.274460491     -2.960023994       5.10911969 
  2.432201973e-07     0.5585282086 -1.030972117e-13      1.399721447      1.994606805       7.25112849      3.272672183     -3.113728767      5.108335572 
  1.719826509e-07     0.5562890316 -9.882726968e-14      1.399520581      2.147352073      7.886616721      3.275495797       -2.9596555      5.107007573 
  1.216100987e-07     0.5539027834 -9.175680286e-14      1.399719542      2.013026417      7.326279836       3.27400448     -3.092783519      5.105809936 
  8.599132543e-08     0.5511867545 -8.728086184e-14      1.399522739      2.145039951      7.878307887      3.277111495     -2.958937208      5.103977159 
  6.080504934e-08     0.5482492774 -7.999205714e-14      1.399717275      2.035110366      7.417768559      3.276094358     -3.067027713      5.102138079 
  4.299566272e-08     0.5449038517 -7.271497458e-14      1.399525642      2.141926505      7.867527924      3.279678772     -2.957582539      5.099509043 
  3.040252467e-08     0.5412341348 -6.381504284e-14      1.399714171      2.061736497      7.530229508      3.279472123     -3.034912806      5.096649303 
  2.149783136e-08     0.5370469114 -5.322287702e-14      1.399529652      2.137677686      7.853516191        3.2838503     -2.955048676      5.092726363 
  1.520126233e-08      0.532393709 -4.508932032e-14      1.399709322      2.093845751      7.669178252      3.284988223     -2.994345388      5.088191138 
  1.074891568e-08     0.5270721511 -3.236025564e-14      1.399535239      2.131829861      7.835550353      3.290851796     -2.950292405      5.082122266 
  7.600631167e-09     0.5210935953 -2.040804742e-14      1.399702909      2.132170498      7.840433014       3.29428198     -2.942604746      5.074775244 
  5.374457839e-09     0.5142482666  -1.06628064e-14      1.399542369      2.123746069      7.812966119      3.302668755     -2.941319139      5.065065208 
  3.800315583e-09     0.5065096586  4.992907551e-15      1.399692998      2.176454863      8.046907421      3.309951649     -2.876491442      5.052946305 
   2.68722892e-09     0.4976810327  1.535574565e-14      1.399550661      2.112552188      7.785474354      3.322597607     -2.924524062       5.03707625 
  1.900157792e-09      0.487725131  2.504806426e-14      1.399679378      2.223832591      8.281373416      3.335942023      -2.79316561      5.016998201 
   1.34361446e-09     0.4765312497  3.872462212e-14      1.399567104      2.096683526       7.75057503      3.354493223     -2.894425383      4.991108909 
  9.500788959e-10     0.4641509393  4.953958768e-14      1.399659526      2.266275263      8.510854754      3.374851186      -2.69241206      4.958687323 
  6.718072299e-10     0.4507239511  5.814533878e-14      1.399589831      2.072443476      7.693126842       3.39810488     -2.846006065      4.918449541 
  4.750394479e-10     0.4365623445  6.217475133e-14      1.399632169      2.289831326      8.663850641      3.420523137     -2.580519619      4.870350946 
   3.35903615e-10     0.4222289327  6.397879214e-14        1.3996194      2.033437412      7.573137702      3.438269992     -2.781645246      4.815082659 
   2.37519724e-10     0.4083275187  5.606856012e-14       1.39960151      2.282361562      8.656948342      3.447774041     -2.472631966      4.754993529 
  1.679518075e-10     0.3956491914  5.083288055e-14      1.399651356      1.978339753      7.357594967      3.443766788     -2.715597588      4.693937342 
   1.18759862e-10     0.3846283424  4.446800591e-14      1.399570432      2.249305388      8.489026062      3.429651334     -2.386674965      4.635980353 
  8.397590374e-11     0.3756814963  4.015230218e-14      1.399680821      1.920930674      7.094460997      3.404486345     -2.664209659      4.585140333 
  5.937993099e-11     0.3686297905  4.424135853e-14      1.399546337      2.212460853      8.274251261      3.379268235     -2.330544925      4.543005778 
  4.198795187e-11     0.3634070892  5.689959964e-14      1.399703013      1.877942451      6.878596079      3.351928231     -2.632402142      4.510344593 
   2.96899655e-11     0.3594976501  7.046433127e-14      1.399527512      2.186555912      8.113347166       3.33232041     -2.298978323      4.485534235 
  2.099397594e-11      0.356763615  7.949429014e-14      1.399716612      1.852474854      6.745375129      3.313712045     -2.615228491      4.467703345 
  1.484498275e-11     0.3547217163  8.576074293e-14      1.399518758      2.171970599      8.020529503      3.303073221     -2.282547359      4.454517957 
  1.049698797e-11     0.3533613277   9.08691611e-14      1.399725466      1.839015355      6.674280904      3.292303429     -2.606466139      4.445481494 
  7.422491374e-12     0.3523043151  9.648914747e-14      1.399515026      2.164440223      7.972482426      3.287680946     -2.274236226      4.438676449 
  5.248493984e-12     0.3516491468   9.40678009e-14      1.399729951      1.832172289      6.638068509      3.281213211     -2.602068852      4.434241141 
  3.711245687e-12     0.3510916563  9.450033875e-14      1.399513026      2.160642754      7.948242344      3.279865233     -2.270067184      4.430709938 
  2.624246992e-12     0.3507915933  9.833092594e-14      1.399732232      1.828733864       6.61988178      3.275614233     -2.599870237      4.428604102 
  1.855622843e-12     0.3504848132  9.910252302e-14      1.399511984      2.158739843      7.936096216      3.275938507      -2.26798071      4.426720553 
  1.312123496e-12      0.350362652  1.043902185e-13       1.39973338       1.82701195      6.610779926      3.272807261     -2.598771464      4.425783414 
  9.278114217e-13     0.3501813257  1.050068016e-13      1.399511452      2.157787895      7.930021225      3.273972624     -2.266937169      4.424725064 
   6.56061748e-13     0.3501481576  1.068186354e-13      1.399733958      1.826150493      6.606228006      3.271402384     -2.598222275      4.424372768 
  4.639057109e-13     0.3500295057  1.037663411e-13       1.39951117      2.157311415      7.926975251       3.27298271     -2.266415314      4.423726729 
   3.28030874e-13     0.3500409074  9.590942695e-14      1.399734247      1.825719666      6.603952028      3.270699728      -2.59794774      4.423667406 
  2.319528554e-13       0.34995363  9.300291878e-14      1.399511034      2.157073411      7.925456864      3.272491165     -2.266154393      4.423227804 
   1.64015437e-13     0.3499872819  9.434370892e-14      1.399734392      1.825504232       6.60281406      3.270348358     -2.597810487       4.42331472 
  1.159764277e-13     0.3499156917  9.943114568e-14      1.399510966      2.156954405      7.924697657      3.272245351     -2.266023931      4.422978336 
   8.20077185e-14     0.3499604691  1.081647974e-13      1.399734464       1.82539651      6.602245083      3.270172664     -2.597741865      4.423138375 
  5.798821386e-14     0.3498967224  1.125075327e-13      1.399510932      2.156894902      7.924318057      3.272122438     -2.265958698      4.422853601 
  4.100385925e-14     0.3499470627  1.139492832e-13        1.3997345      1.825342648      6.601960597      3.270084815     -2.597707555      4.423050203 
  2.899410693e-14     0.3498872378  1.131112211e-13      1.399510915      2.156865151      7.924128259      3.272060981     -2.265926082      4.422791233 
  2.050192962e-14     0.3499403453  1.197812869e-13       1.39973455      1.825315249      6.601810375      3.270034618     -2.597690365      4.423005614 
  1.449705346e-14     0.3498824954  1.253402631e-13      1.399510906      2.156850275      7.924033359      3.272030251     -2.265909774      4.422760049 
  1.025096481e-14     0.3499369977  1.382886105e-13      1.399734529      1.825301506      6.601733921      3.270008333     -2.597681771      4.422983277 
  7.248526732e-15     0.3498802077  1.512677649e-13      1.399510996      2.156844455      7.924015615      3.272037611     -2.265901737      4.422746192 
  5.125482406e-15     0.3499353004  1.670173379e-13      1.399734447      1.825293851      6.601680589      3.269982947     -2.597677423      4.422971274 
  3.624263366e-15     0.3498790437   1.82372059e-13      1.399511435      2.156843266      7.924038206      3.272065334     -2.265897842      4.422741108 
  2.562741203e-15     0.3499344625  2.014698943e-13       1.39973445      1.825290485      6.601662825      3.269977469     -2.597675279      4.422965764 
  1.812131683e-15     0.3498784509  2.239247588e-13      1.399511434      2.156841406      7.924026343      3.272061492     -2.265895803      4.422737209 
  1.281370602e-15     0.3499340436  2.391216011e-13      1.399734451      1.825288802      6.601653936      3.269974724     -2.597674207      4.422963009 
