# T       <Sz^2>          <Q>        <Q^2>          <E>        <E^2>            C            F            S
1.020139447 0.243779 0 -0.000228867 0.0725962 0.00621587 0.000945656 -0.620086 0.692682 
0.7213475204 0.242307 -1.19018e-17 -0.000313032 -0.000300316 0.000462702 0.00104293 -0.692739 0.692439 
0.5100697233 0.240135 1.39486e-16 -0.000474459 0.0555748 0.12802 0.00132892 -0.63642 0.691995 
0.3606737602 0.238339 6.8298e-16 -0.000552047 -0.00106669 -0.00316938 0.000823696 -0.692671 0.691605 
0.2550348616 0.237204 2.13003e-15 -0.000502444 0.0534165 0.189091 -0.000218705 -0.638074 0.691491 
0.1803368801 0.236697 1.26398e-15 -0.000366389 -0.00131941 -0.00606794 -0.000397648 -0.693075 0.691755 
0.1275174308 0.236428 1.94078e-15 -0.000203994 0.0551352 0.207718 0.00352063 -0.637264 0.6924 
0.09016844006 0.236185 5.96347e-16 -0.00013845 -0.000907762 -0.0014379 0.00247814 -0.693407 0.692499 
0.06375871541 0.235935 -2.30599e-15 -5.3929e-05 0.0573905 0.218315 0.00557477 -0.635516 0.692907 
0.04508422003 0.235668 -1.16717e-14 -4.7754e-05 -0.000836665 -0.000744895 0.00286345 -0.693575 0.692739 
0.03187935771 0.235395 -1.37752e-14 8.87e-06 0.0597123 0.227299 0.00580962 -0.633342 0.693054 
0.02254211001 0.235104 -1.66923e-14 -2.908e-06 -0.000845796 -0.000549423 0.00309802 -0.693677 0.692831 
0.01593967885 0.234806 -1.19061e-14 3.9675e-05 0.0622018 0.236801 0.00592211 -0.630894 0.693096 
0.01127105501 0.23449 -4.391e-15 1.8974e-05 -0.000905825 -0.00073048 0.00317571 -0.693747 0.692841 
0.007969839427 0.234165 4.45481e-15 5.4938e-05 0.0648813 0.246984 0.00598491 -0.628201 0.693082 
0.005635527503 0.233821 1.26359e-14 2.996e-05 -0.000994126 -0.0010651 0.00322176 -0.693803 0.692809 
0.003984919713 0.233467 2.07523e-14 6.2487e-05 0.0677824 0.257998 0.00602658 -0.625252 0.693035 
0.002817763752 0.233093 3.47777e-14 3.5524e-05 -0.00110492 -0.00151002 0.00325447 -0.693854 0.692749 
0.001992459857 0.232705 4.52324e-14 6.6177e-05 0.0709397 0.269987 0.00605495 -0.622023 0.692963 
0.001408881876 0.232297 6.01144e-14 3.8391e-05 -0.00123707 -0.00205108 0.0032831 -0.693904 0.692667 
0.0009962299283 0.231872 6.86669e-14 6.7835e-05 0.0743918 0.28311 0.00607696 -0.618477 0.692869 
0.0007044409379 0.231424 6.79358e-14 3.9922e-05 -0.00139212 -0.00268963 0.00331289 -0.693955 0.692563 
0.0004981149642 0.230956 5.95079e-14 6.8602e-05 0.0781835 0.297555 0.00610506 -0.614569 0.692752 
0.000352220469 0.230463 4.74266e-14 4.0799e-05 -0.00157346 -0.00343664 0.0033475 -0.694009 0.692435 
0.0002490574821 0.229946 3.90386e-14 6.8544e-05 0.0823653 0.313506 0.00612291 -0.610244 0.692609 
0.0001761102345 0.2294 2.65951e-14 4.1369e-05 -0.00178616 -0.00431069 0.00339014 -0.694065 0.692279 
0.000124528741 0.228826 1.30543e-14 6.7841e-05 0.086998 0.331195 0.00612041 -0.605433 0.692431 
8.805511724e-05 0.22822 -7.80124e-16 4.1806e-05 -0.00203705 -0.00533771 0.00344431 -0.694125 0.692088 
6.226437052e-05 0.227578 -7.63038e-15 6.7546e-05 0.0921606 0.350997 0.00615556 -0.600054 0.692215 
4.402755862e-05 0.226901 -1.15278e-14 4.2204e-05 -0.00233517 -0.00655194 0.00351463 -0.694186 0.691851 
3.113218526e-05 0.226181 -1.10588e-14 6.6259e-05 0.0979429 0.37326 0.0062165 -0.594005 0.691948 
2.201377931e-05 0.22542 -1.21387e-14 4.2617e-05 -0.00269243 -0.00799833 0.00360735 -0.694247 0.691555 
1.556609263e-05 0.224606 -2.14153e-14 6.5894e-05 0.104459 0.398476 0.00633471 -0.587157 0.691615 
1.100688966e-05 0.223744 -3.15392e-14 4.308e-05 -0.0031246 -0.00973573 0.00373147 -0.694306 0.691181 
7.783046315e-06 0.222819 -3.84237e-14 6.5433e-05 0.111845 0.427187 0.00649221 -0.579348 0.691192 
5.503444828e-06 0.221836 -3.0603e-14 4.3624e-05 -0.00365286 -0.0118419 0.00390024 -0.694356 0.690703 
3.891523157e-06 0.220776 -2.4176e-14 6.4703e-05 0.120273 0.460102 0.00668878 -0.570373 0.690646 
2.751722414e-06 0.219645 -1.98761e-14 4.4278e-05 -0.00430594 -0.0144201 0.0041336 -0.694388 0.690082 
1.945761579e-06 0.218419 -1.59966e-14 6.3999e-05 0.129967 0.498199 0.00698383 -0.559967 0.689933 
1.375861207e-06 0.217107 -1.90739e-14 4.5082e-05 -0.00512335 -0.0176094 0.00446229 -0.694386 0.689263 
9.728807894e-07 0.215677 -2.73697e-14 6.313e-05 0.141201 0.542661 0.00739737 -0.547783 0.688984 
6.879306035e-07 0.214138 -3.78559e-14 4.6085e-05 -0.0061602 -0.0215974 0.00493471 -0.694323 0.688163 
4.864403947e-07 0.212451 -4.8897e-14 6.1561e-05 0.154332 0.59503 0.00796573 -0.533364 0.687695 
3.439653017e-07 0.210626 -5.39718e-14 4.7356e-05 -0.00749438 -0.0266395 0.00562897 -0.69415 0.686655 
2.432201973e-07 0.208613 -4.97383e-14 6.0139e-05 0.169817 0.657439 0.00884144 -0.516096 0.685913 
1.719826509e-07 0.206421 -4.8943e-14 4.879e-05 -0.00923801 -0.0330956 0.00666427 -0.693781 0.684543 
1.216100987e-07 0.203987 -4.52974e-14 5.8234e-05 0.188236 0.73259 0.0101737 -0.495151 0.683387 
8.599132543e-08 0.201319 -4.46204e-14 5.0948e-05 -0.0115501 -0.0414044 0.00827997 -0.693063 0.681513 
6.080504934e-08 0.198334 -3.88401e-14 5.5967e-05 0.21032 0.824079 0.0122636 -0.469395 0.679715 
4.299566272e-08 0.195036 -2.90761e-14 5.3851e-05 -0.0146636 -0.0521844 0.0108472 -0.691708 0.677045 
3.040252467e-08 0.191319 -1.5073e-14 5.2863e-05 0.236946 0.93654 0.0156414 -0.43728 0.674227 
2.149783136e-08 0.187179 1.52331e-15 5.7861e-05 -0.0189124 -0.0661961 0.0150188 -0.689174 0.670262 
1.520126233e-08 0.182478 1.57015e-14 4.8014e-05 0.269056 1.07549 0.0211575 -0.396713 0.665768 
1.074891568e-08 0.177204 3.29368e-14 6.3448e-05 -0.0247602 -0.0841619 0.0220203 -0.684418 0.659658 
7.600631167e-09 0.171178 4.91571e-14 4.1601e-05 0.30738 1.24674 0.0304512 -0.344972 0.652353 
5.374457839e-09 0.16438 6.18304e-14 7.0578e-05 -0.032844 -0.106746 0.0338372 -0.675445 0.642601 
3.800315583e-09 0.156594 7.79543e-14 3.169e-05 0.351665 1.45322 0.0461209 -0.278859 0.630524 
2.68722892e-09 0.147813 8.87702e-14 7.887e-05 -0.0440379 -0.134238 0.0537661 -0.65865 0.614612 
1.900157792e-09 0.13781 9.41236e-14 1.807e-05 0.399042 1.68768 0.0721113 -0.195533 0.594576 
1.34361446e-09 0.126663 1.02336e-13 9.5313e-05 -0.0599066 -0.169137 0.0856617 -0.628551 0.568645 
9.500788959e-10 0.114236 1.05817e-13 -1.782e-06 0.441485 1.91716 0.11102 -0.0947795 0.536265 
6.718072299e-10 0.100856 1.12672e-13 0.00011804 -0.0841466 -0.226585 0.129273 -0.580132 0.495985 
4.750394479e-10 0.086647 1.16713e-13 -2.9139e-05 0.465041 2.07016 0.156692 0.0171129 0.447928 
3.35903615e-10 0.072361 1.2265e-13 0.000147609 -0.123153 -0.346575 0.169438 -0.515771 0.392618 
2.37519724e-10 0.0584122 1.16505e-13 -5.9798e-05 0.457571 2.06326 0.183943 0.125001 0.332571 
1.679518075e-10 0.0457812 1.14333e-13 0.000179565 -0.17825 -0.562117 0.174935 -0.449723 0.271473 
1.18759862e-10 0.034713 1.14058e-13 -9.0876e-05 0.424515 1.89534 0.165821 0.210958 0.213558 
8.397590374e-11 0.0258135 1.15009e-13 0.00020903 -0.235659 -0.825251 0.135655 -0.398335 0.162676 
5.937993099e-11 0.0187145 1.22971e-13 -0.000114971 0.387671 1.68056 0.115437 0.267088 0.120583 
4.198795187e-11 0.0135391 1.39775e-13 0.000231222 -0.278648 -1.04112 0.0830967 -0.366528 0.0878802 
2.96899655e-11 0.00958232 1.57206e-13 -0.000133796 0.361766 1.51966 0.0684897 0.298654 0.0631116 
2.099397594e-11 0.00689567 1.68691e-13 0.000244821 -0.304115 -1.17434 0.0448805 -0.349354 0.0452389 
1.484498275e-11 0.00480639 1.74469e-13 -0.00014255 0.34718 1.42684 0.0392425 0.315085 0.0320953 
1.049698797e-11 0.00349338 1.79668e-13 0.000253675 -0.317575 -1.24543 0.0234719 -0.340592 0.0230171 
7.422491374e-12 0.00238899 1.86938e-13 -0.000146282 0.33965 1.37879 0.0238502 0.323396 0.0162538 
5.248493984e-12 0.0017812 1.86306e-13 0.00025816 -0.324418 -1.28164 0.0123817 -0.336195 0.0117767 
3.711245687e-12 0.00117633 1.86826e-13 -0.000148282 0.335853 1.35455 0.0160345 0.327565 0.00828728 
2.624246992e-12 0.000923646 1.91748e-13 0.000260441 -0.327856 -1.29983 0.00678271 -0.333996 0.00613971 
1.855622843e-12 0.000569486 1.91465e-13 -0.000149324 0.33395 1.34241 0.0121078 0.329652 0.0042979 
1.312123496e-12 0.000494704 1.94934e-13 0.000261589 -0.329578 -1.30893 0.00397574 -0.332897 0.00331902 
9.278114217e-13 0.000265999 1.95066e-13 -0.000149856 0.332998 1.33633 0.0101419 0.330695 0.00230241 
6.56061748e-13 0.00028021 1.9677e-13 0.000262167 -0.33044 -1.31348 0.00257086 -0.332348 0.00190837 
4.639057109e-13 0.000114179 1.93107e-13 -0.000150138 0.332521 1.33329 0.00915197 0.331217 0.00130408 
3.28030874e-13 0.00017296 1.82741e-13 0.000262456 -0.33087 -1.31576 0.0018682 -0.332073 0.00120301 
2.319528554e-13 3.83029e-05 1.73446e-13 -0.000150274 0.332283 1.33177 0.00866042 0.331478 0.00080515 
1.64015437e-13 0.000119334 1.70713e-13 0.000262601 -0.331086 -1.3169 0.00151683 -0.331936 0.000850325 
1.159764277e-13 3.646e-07 1.77611e-13 -0.000150342 0.332164 1.33101 0.00841461 0.331609 0.000555682 
8.20077185e-14 9.25214e-05 1.88497e-13 0.000262673 -0.331194 -1.31747 0.00134114 -0.331868 0.00067398 
5.798821386e-14 -1.86047e-05 1.90622e-13 -0.000150376 0.332105 1.33063 0.00829169 0.331674 0.000430947 
4.100385925e-14 7.9115e-05 1.87087e-13 0.000262709 -0.331247 -1.31775 0.00125329 -0.331833 0.000585808 
2.899410693e-14 -2.80893e-05 1.79657e-13 -0.000150393 0.332075 1.33044 0.00823024 0.331706 0.000368579 
2.050192962e-14 7.23976e-05 1.81272e-13 0.000262759 -0.331275 -1.3179 0.00120309 -0.331816 0.000541219 
1.449705346e-14 -3.28317e-05 1.81392e-13 -0.000150402 0.33206 1.33034 0.00819951 0.331723 0.000337395 
1.025096481e-14 6.905e-05 1.90327e-13 0.000262738 -0.331289 -1.31798 0.00117681 -0.331807 0.000518882 
7.248526732e-15 -3.51194e-05 2.03011e-13 -0.000150312 0.332054 1.33033 0.00820687 0.331731 0.000323538 
5.125482406e-15 6.73527e-05 2.15715e-13 0.000262656 -0.331296 -1.31803 0.00115142 -0.331803 0.000506879 
3.624263366e-15 -3.62834e-05 2.22901e-13 -0.000149873 0.332053 1.33035 0.00823459 0.331735 0.000318454 
2.562741203e-15 6.65148e-05 2.37488e-13 0.000262659 -0.3313 -1.31805 0.00114594 -0.331801 0.000501369 
1.812131683e-15 -3.68762e-05 2.53015e-13 -0.000149874 0.332051 1.33034 0.00823075 0.331737 0.000314555 
1.281370602e-15 6.60959e-05 2.61656e-13 0.00026266 -0.331301 -1.31806 0.0011432 -0.3318 0.000498614 
