# Input file for NRG Ljubljana
# symtype 	QS
# Using sneg version 	1.251
#!9
# Number of channels, chain sites, subspaces: 
1	76	3
# SCALE 	1.4598743033449806
# Energies (GS energy subtracted, multiplied by 1/SCALE):
-1	1
1
0.
0	2
1
0.
1	1
1
0.
# Irreducible matrix elements for Wilson chains:
f 0 0
2
1	1	0	2
1.4142135623730951
0	2	-1	1
1.
# GS energy in absolute units:
e
0.
# Irreducible matrix elements for other operators:
# Discretization tables:
z
76
0.60408965290111147749
0.52780375344641468771
0.38583653558253360639
0.23946001287089138158
0.14834727070682874366
0.09346310700450337449
0.059089792887500747217
0.037371580104848869628
0.023636249722922399805
0.014949011733742637477
0.0094546228728559596896
0.0059796384357616904403
0.0037818579479547950048
0.0023918576266873973873
0.0015127437516647792463
0.00095674319577291685112
0.00060509753740042509837
0.0003826972876051085435
0.00024203901731215758044
0.00015307891563708272437
0.000096815607075400255925
0.000061231566292916619455
0.000038726242839794587305
0.000024492626519604004067
0.000015490497136534443009
9.7970506079975925355e-6
6.1961988546532401318e-6
3.9188202432090204334e-6
2.4784795418638216802e-6
1.5675280972842471122e-6
9.9139181674569031226e-7
6.2701123891373973697e-7
3.9655672669828646987e-7
2.5080449556549851188e-7
1.5862269067931525003e-7
1.0032179822619957225e-7
6.3449076271726142384e-8
4.0128719290479839618e-8
2.5379630508690459665e-8
1.6051487716191936533e-8
1.015185220347618404e-8
6.4205950864767746573e-9
4.060740881390473627e-9
2.5682380345907098657e-9
1.6242963525561894515e-9
1.0272952138362839465e-9
6.4971854102247578065e-10
4.109180855345135786e-10
2.5988741640899031226e-10
1.6436723421380543144e-10
1.0395496656359612491e-10
6.5746893685522172576e-11
4.1581986625438449962e-11
2.629875747420886903e-11
1.6632794650175379985e-11
1.0519502989683547612e-11
6.653117860070151994e-12
4.2078011958734190449e-12
2.6612471440280607976e-12
1.6831204783493676179e-12
1.064498857611224319e-12
6.7324819133974704718e-13
4.2579954304448972761e-13
2.6929927653589881887e-13
1.7031981721779589105e-13
1.0771971061435952755e-13
6.8127926887118356418e-14
4.3087884245743811019e-14
2.7251170754847342567e-14
1.7235153698297524408e-14
1.0900468301938937027e-14
6.8940614793190097631e-15
4.3601873207755748108e-15
2.7576245917276039052e-15
1.7440749283102299243e-15
1.1030498366910415621e-15
6.9762997132409196972e-16
76
0.e-999
0.e-998
0.e-997
0.e-997
0.e-996
0.e-995
0.e-994
0.e-993
0.e-992
0.e-991
0.e-991
0.e-990
0.e-989
0.e-988
0.e-987
0.e-986
0.e-985
0.e-985
0.e-984
0.e-983
0.e-982
0.e-981
0.e-980
0.e-979
0.e-978
0.e-978
0.e-977
0.e-976
0.e-975
0.e-974
0.e-973
0.e-972
0.e-972
0.e-971
0.e-970
0.e-969
0.e-968
0.e-967
0.e-966
0.e-965
0.e-965
0.e-964
0.e-963
0.e-962
0.e-961
0.e-960
0.e-959
0.e-959
0.e-958
0.e-957
0.e-956
0.e-955
0.e-954
0.e-953
0.e-952
0.e-952
0.e-951
0.e-950
0.e-949
0.e-948
0.e-947
0.e-946
0.e-946
0.e-945
0.e-944
0.e-943
0.e-942
0.e-941
0.e-940
0.e-939
0.e-939
0.e-938
0.e-937
0.e-936
0.e-924
0.e-895
0.e-865
