#               T           <Sz^2>              <Q>            <Q^2>              <E>            <E^2>                C                F                S 
      1.459874303            0.125                0              0.5                0                0                0     -1.386294361      1.386294361 
     0.9233055792     0.2250449456 -2.080841773e-17     0.9001797825      0.895113248      1.186565097     0.3853373701     -1.674373501      2.569486749 
     0.5839497213     0.2862073193  1.322386249e-16      1.144829277      1.110072612      2.449128271      1.216867067      -2.28897629      3.399048902 
     0.3693222317      0.301603116  1.063759812e-16      1.206412464      1.801144338      5.481058522      2.236937597     -1.938307556      3.739451894 
     0.2335798885     0.2971316793  4.449931657e-16      1.188526717      1.463076213      4.821553714       2.68096171     -2.280895603      3.743971815 
     0.1477288927     0.2917809519  -1.77868888e-15      1.167123808       1.79421406      5.874667592        2.6554635     -1.881689818      3.675903878 
    0.09343195541     0.2908051701 -1.539376658e-15       1.16322068      1.392936332      4.492856949      2.552585324     -2.253645736      3.646582069 
    0.05909155707       0.29057008 -3.851267705e-15       1.16228032      1.769932234      5.672923249      2.540263137     -1.876845887      3.646778121 
    0.03737278217     0.2907465713 -6.332844206e-15      1.162986285      1.390902281      4.470165954      2.535556798     -2.253414466      3.644316747 
    0.02363662283     0.2905709104 -7.083794299e-15      1.162283642      1.769909394      5.672619907      2.540040646     -1.876859658      3.646769051 
    0.01494911287      0.290746946 -8.022774752e-15      1.162987784       1.39090303      4.470164471      2.535553233     -2.253417296      3.644320326 
   0.009454649131     0.2905710915 -7.106432613e-15      1.162284366       1.76990839      5.672614279      2.540038568     -1.876862289       3.64677068 
   0.005979645147     0.2907470098 -8.505138243e-15      1.162988039      1.390903157      4.470164225      2.535552634     -2.253417778      3.644320935 
   0.003781859653     0.2905711208 -6.007187749e-15      1.162284483      1.769908228      5.672613361      2.540038226     -1.876862715      3.646770943 
   0.002391858059       0.29074702 -3.732281499e-15       1.16298808      1.390903176      4.470164181      2.535552535     -2.253417856      3.644321032 
   0.001512743861     0.2905711255 -1.411977839e-15      1.162284502      1.769908202      5.672613212       2.54003817     -1.876862783      3.646770984 
  0.0009567432234     0.2907470216 -1.175089162e-15      1.162988086      1.390903179      4.470164172      2.535552519     -2.253417868      3.644321047 
  0.0006050975444     0.2905711262 -3.508328485e-16      1.162284505      1.769908197      5.672613187      2.540038161     -1.876862794      3.646770991 
  0.0003826972894     0.2907470218 -7.015122854e-16      1.162988087       1.39090318      4.470164171      2.535552516      -2.25341787       3.64432105 
  0.0002420390178     0.2905711263  -1.80798972e-15      1.162284505      1.769908197      5.672613183      2.540038159     -1.876862795      3.646770992 
  0.0001530789158     0.2907470219 -1.104841683e-15      1.162988088       1.39090318       4.47016417      2.535552516      -2.25341787       3.64432105 
   9.68156071e-05     0.2905711263 -5.265894863e-16      1.162284505      1.769908196      5.672613182      2.540038159     -1.876862796      3.646770992 
   6.12315663e-05     0.2907470219 -5.464787629e-16      1.162988088       1.39090318       4.47016417      2.535552515      -2.25341787       3.64432105 
  3.872624284e-05     0.2905711263  8.020383451e-16      1.162284505      1.769908196      5.672613182      2.540038159     -1.876862796      3.646770992 
  2.449262652e-05     0.2907470219  1.906295738e-15      1.162988088       1.39090318       4.47016417      2.535552515      -2.25341787       3.64432105 
  1.549049714e-05     0.2905711263  1.355941983e-16      1.162284505      1.769908196      5.672613182      2.540038159     -1.876862796      3.646770992 
  9.797050608e-06     0.2907470219 -2.997160654e-15      1.162988088       1.39090318       4.47016417      2.535552515      -2.25341787       3.64432105 
  6.196198855e-06     0.2905711263 -6.532017592e-15      1.162284505      1.769908196      5.672613182      2.540038159     -1.876862796      3.646770992 
  3.918820243e-06     0.2907470219 -7.700647358e-15      1.162988088       1.39090318       4.47016417      2.535552515      -2.25341787       3.64432105 
  2.478479542e-06     0.2905711263  -6.42752762e-15      1.162284505      1.769908196      5.672613182      2.540038159     -1.876862796      3.646770992 
  1.567528097e-06     0.2907470219  -5.19446589e-15      1.162988088       1.39090318       4.47016417      2.535552515      -2.25341787       3.64432105 
  9.913918167e-07     0.2905711263 -3.782010399e-15      1.162284505      1.769908196      5.672613182      2.540038159     -1.876862796      3.646770992 
  6.270112389e-07     0.2907470219  -4.61016117e-15      1.162988088       1.39090318       4.47016417      2.535552515      -2.25341787       3.64432105 
  3.965567267e-07     0.2905711263 -5.050500628e-15      1.162284505      1.769908196      5.672613182      2.540038159     -1.876862796      3.646770992 
  2.508044956e-07     0.2907470219 -5.265688721e-15      1.162988088       1.39090318       4.47016417      2.535552515      -2.25341787       3.64432105 
  1.586226907e-07     0.2905711263 -4.961864345e-15      1.162284505      1.769908196      5.672613182      2.540038159     -1.876862796      3.646770992 
  1.003217982e-07     0.2907470219 -5.428242391e-15      1.162988088       1.39090318       4.47016417      2.535552515      -2.25341787       3.64432105 
  6.344907627e-08     0.2905711263 -7.193198785e-15      1.162284505      1.769908196      5.672613182      2.540038159     -1.876862796      3.646770992 
  4.012871929e-08     0.2907470219 -8.804380082e-15      1.162988088       1.39090318       4.47016417      2.535552515      -2.25341787       3.64432105 
  2.537963051e-08     0.2905711263  -1.11146308e-14      1.162284505      1.769908196      5.672613182      2.540038159     -1.876862796      3.646770992 
  1.605148772e-08     0.2907470219 -1.183040911e-14      1.162988088       1.39090318       4.47016417      2.535552515      -2.25341787       3.64432105 
   1.01518522e-08     0.2905711263 -1.077544874e-14      1.162284505      1.769908196      5.672613182      2.540038159     -1.876862796      3.646770992 
  6.420595086e-09     0.2907470219 -9.706592471e-15      1.162988088       1.39090318       4.47016417      2.535552515      -2.25341787       3.64432105 
  4.060740881e-09     0.2905711263 -1.062760889e-14      1.162284505      1.769908196      5.672613182      2.540038159     -1.876862796      3.646770992 
  2.568238035e-09     0.2907470219 -1.172545117e-14      1.162988088       1.39090318       4.47016417      2.535552515      -2.25341787       3.64432105 
  1.624296353e-09     0.2905711263 -1.351342759e-14      1.162284505      1.769908196      5.672613182      2.540038159     -1.876862796      3.646770992 
  1.027295214e-09     0.2907470219 -1.503678224e-14      1.162988088       1.39090318       4.47016417      2.535552515      -2.25341787       3.64432105 
   6.49718541e-10     0.2905711263 -1.566059728e-14      1.162284505      1.769908196      5.672613182      2.540038159     -1.876862796      3.646770992 
  4.109180855e-10     0.2907470219 -1.620157534e-14      1.162988088       1.39090318       4.47016417      2.535552515      -2.25341787       3.64432105 
  2.598874164e-10     0.2905711263 -1.762174011e-14      1.162284505      1.769908196      5.672613182      2.540038159     -1.876862796      3.646770992 
  1.643672342e-10     0.2907470219 -1.808478001e-14      1.162988088       1.39090318       4.47016417      2.535552515      -2.25341787       3.64432105 
  1.039549666e-10     0.2905711263 -2.194758463e-14      1.162284505      1.769908196      5.672613182      2.540038159     -1.876862796      3.646770992 
  6.574689369e-11     0.2907470219 -2.583074737e-14      1.162988088       1.39090318       4.47016417      2.535552515      -2.25341787       3.64432105 
  4.158198663e-11     0.2905711263 -2.607915777e-14      1.162284505      1.769908196      5.672613182      2.540038159     -1.876862796      3.646770992 
  2.629875747e-11     0.2907470219 -2.456274558e-14      1.162988088       1.39090318       4.47016417      2.535552515      -2.25341787       3.64432105 
  1.663279465e-11     0.2905711263 -2.358338322e-14      1.162284505      1.769908196      5.672613182      2.540038159     -1.876862796      3.646770992 
  1.051950299e-11     0.2907470219 -2.642979193e-14      1.162988088       1.39090318       4.47016417      2.535552515      -2.25341787       3.64432105 
   6.65311786e-12     0.2905711263 -2.756735664e-14      1.162284505      1.769908196      5.672613182      2.540038159     -1.876862796      3.646770992 
  4.207801196e-12     0.2907470219 -2.746888342e-14      1.162988088       1.39090318       4.47016417      2.535552515      -2.25341787       3.64432105 
  2.661247144e-12     0.2905711263 -3.124092311e-14      1.162284505      1.769908196      5.672613182      2.540038159     -1.876862796      3.646770992 
  1.683120478e-12     0.2907470219 -3.565247722e-14      1.162988088       1.39090318       4.47016417      2.535552515      -2.25341787       3.64432105 
  1.064498858e-12     0.2905711263 -4.022124494e-14      1.162284505      1.769908196      5.672613182      2.540038159     -1.876862796      3.646770992 
  6.732481913e-13     0.2907470219 -4.337196352e-14      1.162988088       1.39090318       4.47016417      2.535552515      -2.25341787       3.64432105 
   4.25799543e-13     0.2905711263 -4.577653124e-14      1.162284505      1.769908196      5.672613182      2.540038159     -1.876862796      3.646770992 
  2.692992765e-13     0.2907470219 -4.544421658e-14      1.162988088       1.39090318       4.47016417      2.535552515      -2.25341787       3.64432105 
  1.703198172e-13     0.2905711263 -4.503069521e-14      1.162284505      1.769908196      5.672613182      2.540038159     -1.876862796      3.646770992 
  1.077197106e-13     0.2907470219 -4.411268339e-14      1.162988088       1.39090318       4.47016417      2.535552515      -2.25341787       3.64432105 
  6.812792689e-14     0.2905711263 -4.608816057e-14      1.162284505      1.769908196      5.672613182      2.540038159     -1.876862796      3.646770992 
  4.308788425e-14     0.2907470219 -4.859320941e-14      1.162988088       1.39090318       4.47016417      2.535552515      -2.25341787       3.64432105 
  2.725117075e-14     0.2905711263 -5.138596612e-14      1.162284505      1.769908196      5.672613182      2.540038159     -1.876862796      3.646770992 
   1.72351537e-14     0.2907470219 -5.283481202e-14      1.162988088       1.39090318       4.47016417      2.535552515      -2.25341787       3.64432105 
   1.09004683e-14     0.2905711263 -5.226045565e-14      1.162284505      1.769908196      5.672613182      2.540038159     -1.876862796      3.646770992 
  6.894061479e-15     0.2907470219 -4.828547835e-14      1.162988088       1.39090318       4.47016417      2.535552515      -2.25341787       3.64432105 
  4.360187321e-15     0.2905711263 -4.518171679e-14      1.162284505      1.769908196      5.672613182      2.540038159     -1.876862796      3.646770992 
  2.757624592e-15     0.2907470219 -4.370146357e-14      1.162988088       1.39090318       4.47016417      2.535552515      -2.25341787       3.64432105 
  1.744074928e-15     0.2905711263 -4.331354435e-14      1.162284505      1.769908196      5.672613182      2.540038159     -1.876862796      3.646770992 
  1.103049837e-15     0.2907470219 -4.560352135e-14      1.162988088       1.39090318       4.47016417      2.535552515      -2.25341787       3.64432105 
