#               1 
#               T 
       1.40475952 
     0.8884479293 
     0.5619038078 
     0.3553791717 
     0.2247615231 
     0.1421516687 
    0.08990460925 
    0.05686066748 
     0.0359618437 
    0.02274426699 
    0.01438473748 
   0.009097706796 
   0.005753894992 
   0.003639082718 
   0.002301557997 
   0.001455633087 
  0.0009206231987 
   0.000582253235 
  0.0003682492795 
   0.000232901294 
  0.0001472997118 
  9.316051759e-05 
  5.891988472e-05 
  3.726420704e-05 
  2.356795389e-05 
  1.490568281e-05 
  9.427181555e-06 
  5.962273126e-06 
  3.770872622e-06 
   2.38490925e-06 
  1.508349049e-06 
  9.539637002e-07 
  6.033396195e-07 
  3.815854801e-07 
  2.413358478e-07 
   1.52634192e-07 
  9.653433912e-08 
  6.105367681e-08 
  3.861373565e-08 
  2.442147072e-08 
  1.544549426e-08 
   9.76858829e-09 
  6.178197704e-09 
  3.907435316e-09 
  2.471279082e-09 
  1.562974126e-09 
  9.885116326e-10 
  6.251896505e-10 
  3.954046531e-10 
  2.500758602e-10 
  1.581618612e-10 
  1.000303441e-10 
  6.326474449e-11 
  4.001213763e-11 
   2.53058978e-11 
  1.600485505e-11 
  1.012235912e-11 
  6.401942021e-12 
  4.048943647e-12 
  2.560776809e-12 
  1.619577459e-12 
  1.024310723e-12 
  6.478309836e-13 
  4.097242894e-13 
  2.591323934e-13 
  1.638897157e-13 
  1.036529574e-13 
   6.55558863e-14 
  4.146118295e-14 
  2.622235452e-14 
  1.658447318e-14 
  1.048894181e-14 
  6.633789272e-15 
  4.195576723e-15 
  2.653515709e-15 
  1.678230689e-15 
  1.061406283e-15 
  6.712922757e-16 
  4.245625134e-16 
  2.685169103e-16 
  1.698250054e-16 
  1.074067641e-16 
  6.793000214e-17 
  4.296270565e-17 
  2.717200086e-17 
  1.718508226e-17 
  1.086880034e-17 
  6.874032903e-18 
  4.347520137e-18 
  2.749613161e-18 
  1.739008055e-18 
  1.099845265e-18 
  6.956032219e-19 
  4.399381058e-19 
  2.782412888e-19 
  1.759752423e-19 
  1.112965155e-19 
  7.039009693e-20 
   4.45186062e-20 
  2.815603877e-20 
  1.780744248e-20 
