# Input file for NRG Ljubljana
# symtype 	QS
# Using sneg version 	1.251
#!9
# Number of channels, chain sites, subspaces: 
1	100	4
# SCALE 	1.284998230660265
# Energies (GS energy subtracted, multiplied by 1/SCALE):
-1	2
1
0.11673167823968612
0	1
1
0.
0	3
1
0.15564223765291482
1	2
1
0.11673167823968612
# Irreducible matrix elements for Wilson chains:
f 0 0
4
1	2	0	3
1.224744871391589
1	2	0	1
0.7071067811865475
0	3	-1	2
1.
0	1	-1	2
-1.
# GS energy in absolute units:
e
-0.15000000000000002
# Irreducible matrix elements for other operators:
# Discretization tables:
z
100
0.59379140516633407175
0.52924437980357519355
0.43805138000638526653
0.31802318507814467825
0.22434970791970831591
0.15916316092396914414
0.11299625325458687135
0.080097921031242940151
0.056712344989676172586
0.040128730597727294496
0.028384971741757824861
0.020074645433055758151
0.014196137257294260768
0.01003861660591940007
0.0070985266018796171367
0.0050194703115452881011
0.0035493205956126412091
0.0025097554153224119855
0.0017746674611378256884
0.0012548802403695391823
0.00088733462603212000231
0.00062744043678157818454
0.00044366742495042223469
0.00031372025796564849139
0.00022183372646705206187
0.00015686013392968974311
0.00011091686498250757603
0.000078430067583203310996
0.000055458432709876525745
0.000039215033868896468311
0.000027729216382266106483
0.000019607516944110086004
0.000013864608194549033736
9.8037584732627744906e-6
6.9323040977015144313e-6
4.9018792367823536816e-6
3.4661520489041319111e-6
2.4509396184100476454e-6
1.7330760244587377925e-6
1.2254698092073826732e-6
8.6653801223020287585e-7
6.1273490460398619294e-7
4.3326900611520568538e-7
3.0636745230202995351e-7
2.1663450305761587362e-7
1.5318372615101958389e-7
1.0831725152880956568e-7
7.6591863075510367834e-8
5.4158625764404986447e-8
3.8295931537755255904e-8
2.7079312882202518674e-8
1.914796576887763695e-8
1.3539656441101262519e-8
9.5739828844388195998e-9
6.769828220550631657e-9
4.7869914422194099405e-9
3.3849141102753158782e-9
2.3934957211097049878e-9
1.6924570551376579453e-9
1.1967478605548524961e-9
8.4622852756882897343e-10
5.9837393027742624833e-10
4.2311426378441448681e-10
2.991869651387131242e-10
2.1155713189220724342e-10
1.495934825693565621e-10
1.0577856594610362171e-10
7.4796741284678281053e-11
5.2889282973051810856e-11
3.7398370642339140526e-11
2.6444641486525905428e-11
1.8699185321169570263e-11
1.3222320743262952714e-11
9.3495926605847851316e-12
6.611160371631476357e-12
4.6747963302923925658e-12
3.3055801858157381785e-12
2.3373981651461962829e-12
1.6527900929078690892e-12
1.1686990825730981414e-12
8.2639504645393454462e-13
5.8434954128654907072e-13
4.1319752322696727231e-13
2.9217477064327453536e-13
2.0659876161348363616e-13
1.4608738532163726768e-13
1.0329938080674181808e-13
7.3043692660818633841e-14
5.1649690403370909039e-14
3.652184633040931692e-14
2.5824845201685454519e-14
1.826092316520465846e-14
1.291242260084272726e-14
9.1304615826023292301e-15
6.4562113004213636298e-15
4.565230791301164615e-15
3.2281056502106818149e-15
2.2826153956505823075e-15
1.6140528251053409075e-15
1.1413076978252911538e-15
8.0702641255267045373e-16
100
0.e-999
0.e-998
0.e-997
0.e-996
0.e-996
0.e-995
0.e-994
0.e-993
0.e-992
0.e-991
0.e-991
0.e-990
0.e-989
0.e-988
0.e-987
0.e-986
0.e-986
0.e-985
0.e-984
0.e-983
0.e-982
0.e-981
0.e-980
0.e-980
0.e-979
0.e-978
0.e-977
0.e-976
0.e-975
0.e-975
0.e-974
0.e-973
0.e-972
0.e-971
0.e-970
0.e-969
0.e-969
0.e-968
0.e-967
0.e-966
0.e-965
0.e-964
0.e-964
0.e-963
0.e-962
0.e-961
0.e-960
0.e-959
0.e-958
0.e-958
0.e-957
0.e-956
0.e-955
0.e-954
0.e-953
0.e-953
0.e-952
0.e-951
0.e-950
0.e-949
0.e-948
0.e-948
0.e-947
0.e-946
0.e-945
0.e-944
0.e-943
0.e-942
0.e-942
0.e-941
0.e-940
0.e-939
0.e-938
0.e-937
0.e-937
0.e-936
0.e-935
0.e-934
0.e-933
0.e-932
0.e-931
0.e-931
0.e-930
0.e-929
0.e-928
0.e-922
0.e-896
0.e-871
0.e-844
0.e-818
0.e-791
0.e-764
0.e-737
0.e-709
0.e-681
0.e-653
0.e-624
0.e-595
0.e-566
0.e-537
0.e-507
