#               T           <Sz^2>              <Q>            <Q^2>              <E>            <E^2>                C                F                S 
       1.40475952     0.3650335521                0     0.4994176764     0.1143708901    0.01553253877   0.002451838277     -1.963875189      2.078246079 
     0.8884479293     0.4597343491 -2.125199299e-17     0.8950528728      0.905382258      1.224033724     0.4043166907     -2.346427606      3.251809864 
     0.5619038078     0.5117853467  6.015195043e-17      1.126755752      1.239970049      2.803968468      1.266442744     -2.810081814      4.050051863 
     0.3553791717     0.5091679272 -8.529472786e-16      1.137777263       1.81028359      5.651272688      2.374146013     -2.452999859      4.263283448 
     0.2247615231     0.4816027452  5.148978848e-16       1.04382877      1.491745151      5.048794109      2.823490514     -2.560271849         4.052017 
     0.1421516687     0.4509466143  8.390881114e-15     0.9302850786      1.648661943      5.456472999      2.738386796     -2.066205647       3.71486759 
    0.08990460925     0.4283542075  1.401348394e-14     0.8499840112      1.190611837      3.839796495      2.422239947     -2.242936923       3.43354876 
    0.05686066748     0.4009156961  1.819060557e-14     0.7445624106      1.410792186      4.373938953      2.383604361     -1.731034994       3.14182718 
     0.0359618437     0.3863933893  2.462506467e-14      0.703294178     0.9606655025      2.884545826      1.961667618     -1.982288721      2.942954223 
    0.02274426699     0.3556634952  2.363599344e-14     0.5763004391      1.194477844      3.576820548      2.150043228     -1.443369673      2.637847517 
    0.01438473748     0.3516041232  3.090594237e-14     0.5974133661     0.8029123199      2.099133187      1.454464994      -1.75298136       2.55589368 
   0.009097706796       0.31466244  2.331336689e-14     0.4199304576     0.9717028361       2.90780345      1.963597048     -1.202900107      2.174602943 
   0.005753894992     0.3202239198  3.407166321e-14     0.5272824096     0.7467431223      1.523846704     0.9662214135     -1.525818928       2.27256205 
   0.003639082718      0.279642676  1.959253071e-14     0.2833229276     0.7386560582      2.303756548      1.758143775     -1.016602388      1.755258446 
   0.002301557997       0.28318886  3.947454144e-14     0.4713565343      0.819215879      1.340758155     0.6696434983     -1.244892271       2.06410815 
   0.001455633087      0.254962187  1.441011393e-14     0.1643153754     0.4910526578      1.663640485      1.422507772    -0.8717809587      1.362833617 
  0.0009206231987     0.2309271185  4.178771915e-14     0.4240663828     0.9177286636      1.541636192     0.6994102923    -0.9418037993      1.859532463 
   0.000582253235      0.243912698   9.94086267e-15    0.09169271411     0.3033137322      1.117769806      1.025770586    -0.7896843504      1.092998083 
  0.0003682492795     0.1441972464  3.113286527e-14     0.2920853174     0.9213422212      2.194230066      1.345358578    -0.5086279244      1.429970146 
   0.000232901294     0.2248084211  1.325376731e-14     0.1110344339     0.2561156896     0.6793599743     0.6137647279    -0.8113551403       1.06747083 
  0.0001472997118    0.04629261234    2.0499081e-14     0.1564494726     0.5377635722      1.791384537      1.502194877    -0.1829581376     0.7207217098 
  9.316051759e-05     0.2359413505  8.001755049e-15    0.05707111717     0.1624181339     0.4755093729     0.4491297227    -0.7519042531      0.914322387 
  5.891988472e-05   0.003251923717  1.283981794e-15    0.01051118112    0.06988144694     0.4305295544     0.4256461378   -0.01151334292    0.08139478986 
  3.726420704e-05     0.2460974438  1.479759725e-15     0.0156319486    0.06486134044     0.2698582501     0.2656512566    -0.7089044796       0.77376582 
  2.356795389e-05   0.001647802297  6.294352961e-16   0.006268938597    0.04166960409     0.2733286823     0.2715923264  -0.006410291323    0.04807989541 
  1.490568281e-05     0.2494865867  1.824887871e-16    0.00205411838    0.01270848463    0.07864448331    0.07848297773     -0.695203412     0.7079118966 
  9.427181555e-06  0.0004149713476    1.3753367e-16   0.001613738024    0.01281825661     0.1010467079     0.1008824002  -0.001632374884    0.01445063149 
  5.962273126e-06     0.2499334458  2.105315019e-17  0.0002662260853    0.00219132618    0.01803749346    0.01803269155    -0.6934134421     0.6956047683 
  3.770872622e-06  0.0001013056266  2.835016812e-17  0.0003989387964   0.003708384599    0.03432429418    0.03431054206 -0.0004013757281   0.004109760327 
   2.38490925e-06     0.2499954187  1.220013201e-18  1.832530663e-05  0.0001998784539   0.002180128272   0.002180088321     -0.693165506     0.6933653845 
  1.508349049e-06  1.125456123e-07  2.117530785e-20  4.501557679e-07  7.202741425e-06  0.0001152463753  0.0001152463234 -4.501658749e-07    7.6529073e-06 
  9.539637002e-07            0.125  2.931000083e-14              0.5  5.774015536e-14  3.781530738e-16  3.781530738e-16     -1.386294361      1.386294361 
  6.033396195e-07  8.620472252e-11  1.959803439e-23  3.448188901e-10  7.990935079e-09  1.851842961e-07   1.85184296e-07 -3.448188401e-10  8.335753919e-09 
  3.815854801e-07            0.125  2.398081733e-14              0.5  5.062616994e-14  8.402765987e-22  8.402740356e-22     -1.386294361      1.386294361 
  2.413358478e-07  5.828778952e-14  1.078315517e-26  2.331511581e-13  7.104904716e-12   2.16510488e-10   2.16510488e-10 -2.331468352e-13  7.338051551e-12 
   1.52634192e-07            0.125  5.329070518e-15              0.5  1.065814104e-14   2.66414715e-28  1.528187446e-28     -1.386294361      1.386294361 
  9.653433912e-08  1.624629117e-17  9.244483294e-31  6.498516466e-17  2.512239842e-15  9.711984356e-14  9.711984356e-14               -0  2.512239842e-15 
  6.105367681e-08            0.125 -3.552713679e-15              0.5  1.065814104e-14  1.514612944e-28  3.786532404e-29     -1.386294361      1.386294361 
  3.861373565e-08  8.444748303e-22  2.388604521e-35  3.377899321e-21  1.639069144e-19  7.953308852e-18  7.953308852e-18               -0  1.639069144e-19 
  2.442147072e-08            0.125  1.598721155e-14              0.5  3.375077995e-14  1.653452457e-27  5.143373102e-28     -1.386294361      1.386294361 
  1.544549426e-08  4.246493636e-27   8.43738621e-40  1.698597454e-26  1.031451289e-24  6.263354263e-23  6.263354263e-23               -0  1.031451289e-24 
   9.76858829e-09            0.125  2.842170943e-14              0.5  3.552713679e-14  3.332148464e-27  2.069971015e-27     -1.386294361      1.386294361 
  6.178197704e-09  1.058202526e-33  2.706120814e-46  4.232810104e-33  3.213919223e-31  2.440288253e-29  2.440288253e-29               -0  3.213919223e-31 
  3.907435316e-09            0.125  4.085620731e-14              0.5  5.506706202e-14  7.080815485e-27  4.048434166e-27     -1.386294361      1.386294361 
  2.471279082e-09  5.985283396e-42  8.513483173e-55  2.394113359e-41  2.272474928e-39  2.157016618e-37  2.157016618e-37               -0  2.272474928e-39 
  1.562974126e-09            0.125  1.421085472e-14              0.5  2.131628207e-14  9.087677628e-28  4.543838814e-28     -1.386294361      1.386294361 
  9.885116326e-10  2.951889493e-52  3.360540773e-65  1.180755797e-51  1.400990125e-49  1.662302514e-47  1.662302514e-47               -0  1.400990125e-49 
  6.251896505e-10            0.125 -2.131628207e-14              0.5  6.394884622e-14  9.087677628e-27  4.998222695e-27     -1.386294361      1.386294361 
  3.954046531e-10  3.865362664e-65 -6.595199033e-78  1.546145066e-64  2.293180137e-62  3.401152491e-60  3.401152491e-60               -0  2.293180137e-62 
  2.500758602e-10            0.125 -3.197442311e-14              0.5   6.75015599e-14  6.613809829e-27  2.057349241e-27     -1.386294361      1.386294361 
  1.581618612e-10  3.046752806e-81 -6.928881005e-94  1.218701122e-80  2.259414799e-78   4.18884921e-76   4.18884921e-76               -0  2.259414799e-78 
  1.000303441e-10            0.125 -2.842170943e-14              0.5  4.263256415e-14  3.635071051e-27  1.817535526e-27     -1.386294361      1.386294361 
  6.326474449e-11  2.26331175e-101 -2.576010965e-114 9.053246998e-101  2.098038074e-98   4.86208292e-96   4.86208292e-96               -0  2.098038074e-98 
  4.001213763e-11            0.125 -2.131628207e-14              0.5  1.207922651e-13  2.160847792e-26  7.017706613e-27     -1.386294361      1.386294361 
   2.53058978e-11 1.561034189e-126 -1.596807661e-138 6.244136757e-126 1.808803866e-123 5.239749789e-121 5.239749789e-121               -0 1.808803866e-123 
  1.600485505e-11            0.125 -9.947598301e-14              0.5  2.131628207e-13  6.543127892e-26  1.999289078e-26     -1.386294361      1.386294361 
  1.012235912e-11 5.517715013e-158 -6.899273158e-170 2.207086005e-157 7.991869038e-155 2.893859622e-152 2.893859622e-152               -0 7.991869038e-155 
  6.401942021e-12            0.125 -1.705302566e-13              0.5  2.557953849e-13  1.308625578e-25  6.543127892e-26     -1.386294361      1.386294361 
  4.048943647e-12 2.674218672e-197 -2.432209023e-209 1.069687469e-196 4.841679388e-194 2.191468067e-191 2.191468067e-191               -0 4.841679388e-194 
  2.560776809e-12            0.125 -7.105427358e-14              0.5  1.847411113e-13  4.604423332e-26  1.191495511e-26     -1.386294361      1.386294361 
  1.619577459e-12 1.923071343e-246                0 7.692285371e-246 4.352156673e-243 2.462371947e-240 2.462371947e-240               -0 4.352156673e-243 
  1.024310723e-12            0.125                0              0.5  5.684341886e-14  6.462348536e-27  3.231174268e-27     -1.386294361      1.386294361 
  6.478309836e-13 7.161334925e-308 -4.885321106e-320  2.86453397e-307 2.025877233e-304 1.432756116e-301 1.432756116e-301               -0 2.025877233e-304 
  4.097242894e-13            0.125  1.421085472e-13              0.5   1.98951966e-13  8.724170523e-26  4.765982045e-26     -1.386294361      1.386294361 
  2.591323934e-13                0                0                0                0                0                0               -0                0 
  1.638897157e-13            0.125 -8.526512829e-14              0.5  8.526512829e-14  2.908056841e-26  2.181042631e-26     -1.386294361      1.386294361 
  1.036529574e-13                0                0                0                0                0                0               -0                0 
   6.55558863e-14            0.125  1.136868377e-13              0.5  1.705302566e-13  8.401053096e-26  5.492996255e-26     -1.386294361      1.386294361 
  4.146118295e-14                0                0                0                0                0                0               -0                0 
  2.622235452e-14            0.125  4.547473509e-13              0.5  9.094947018e-13  1.240770919e-24  4.135903063e-25     -1.386294361      1.386294361 
  1.658447318e-14                0                0                0                0                0                0               -0                0 
  1.048894181e-14            0.125   3.97903932e-13              0.5  6.252776075e-13  7.367077331e-25  3.457356467e-25     -1.386294361      1.386294361 
  6.633789272e-15                0                0                0                0                0                0               -0                0 
  4.195576723e-15            0.125  7.958078641e-13              0.5  2.160049917e-12  6.255553382e-24   1.58973774e-24     -1.386294361      1.386294361 
  2.653515709e-15                0                0                0                0                0                0               -0                0 
  1.678230689e-15            0.125  7.958078641e-13              0.5  1.705302566e-12  4.187601851e-24   1.27954501e-24     -1.386294361      1.386294361 
  1.061406283e-15                0                0                0                0                0                0               -0                0 
  6.712922757e-16            0.125  5.684341886e-13              0.5  5.684341886e-13  1.292469707e-24  9.693522803e-25     -1.386294361      1.386294361 
  4.245625134e-16                0                0                0                0                0                0               -0                0 
  2.685169103e-16            0.125  1.591615728e-12              0.5   2.50111043e-12  1.178732373e-23  5.531770346e-24     -1.386294361      1.386294361 
  1.698250054e-16                0                0                0                0                0                0               -0                0 
  1.074067641e-16            0.125  1.136868377e-12              0.5  1.136868377e-12  5.169878828e-24  3.877409121e-24     -1.386294361      1.386294361 
  6.793000214e-17                0                0                0                0                0                0               -0                0 
  4.296270565e-17            0.125   2.50111043e-12              0.5  5.684341886e-12  4.528813854e-23  1.297639586e-23     -1.386294361      1.386294361 
  2.717200086e-17                0                0                0                0                0                0               -0                0 
  1.718508226e-17            0.125  3.865352483e-12              0.5   7.50333129e-12  8.623357886e-23  2.993359842e-23     -1.386294361      1.386294361 
  1.086880034e-17                0                0                0                0                0                0               -0                0 
  6.874032903e-18            0.125  9.094947018e-13              0.5  2.728484105e-12  9.926167351e-24  2.481541838e-24     -1.386294361      1.386294361 
  4.347520137e-18                0                0                0                0                0                0               -0                0 
  2.749613161e-18            0.125  1.818989404e-12              0.5  3.637978807e-12   3.30872245e-23   1.98523347e-23     -1.386294361      1.386294361 
  1.739008055e-18                0                0                0                0                0                0               -0                0 
  1.099845265e-18            0.125  1.818989404e-12              0.5  4.547473509e-12  2.812414083e-23  7.444625513e-24     -1.386294361      1.386294361 
  6.956032219e-19                0                0                0                0                0                0               -0                0 
  4.399381058e-19            0.125  9.094947018e-13              0.5  9.094947018e-13   3.30872245e-24  2.481541838e-24     -1.386294361      1.386294361 
  2.782412888e-19                0                0                0                0                0                0               -0                0 
  1.759752423e-19            0.125 -1.818989404e-12              0.5  3.637978807e-12   1.98523347e-23    6.6174449e-24     -1.386294361      1.386294361 
  1.112965155e-19                0                0                0                0                0                0               -0                0 
  7.039009693e-20            0.125 -1.818989404e-12              0.5  9.094947018e-12  1.191140082e-22  3.639594695e-23     -1.386294361      1.386294361 
   4.45186062e-20                0                0                0                0                0                0               -0                0 
  2.815603877e-20            0.125  3.637978807e-12              0.5  7.275957614e-12   7.94093388e-23   2.64697796e-23     -1.386294361      1.386294361 
  1.780744248e-20                0                0                0                0                0                0               -0                0 
