#               T           <Sz^2>              <Q>            <Q^2>              <E>            <E^2>                C                F                S 
      1.301886019            0.125                0              0.5                0                0                0     -1.386294361      1.386294361 
     0.8233850148     0.2205477342                0     0.8821909366     0.9398410036      1.334937641      0.451636529     -1.592270401      2.532111405 
     0.5207544076     0.2783146549 -4.801432679e-17       1.11325862      1.101181098      2.512931489      1.300331677     -2.224526024      3.325707123 
     0.3293540059      0.294197564  2.244321472e-16      1.176790256      1.762335563      5.354132753      2.248306116     -1.894206988      3.656542551 
      0.208301763     0.2933966645 -1.504748781e-16      1.173586658      1.422452698      4.620097246      2.596725568     -2.264249664      3.686702362 
     0.1317416024     0.2910075012 -2.664667819e-15      1.164030005       1.78076117      5.763235522      2.592125175     -1.877860838      3.658622009 
    0.08332070521     0.2907447123 -1.360686185e-15      1.162978849      1.391647561      4.479265274      2.542582339     -2.253317554      3.644965116 
    0.05269664095       0.29055943 -1.125569029e-15       1.16223772      1.769978265      5.673059803      2.540236742     -1.876692246      3.646670511 
    0.03332828209     0.2907428997 -2.253392289e-15      1.162971599      1.390895226      4.470181991      2.535592461     -2.253386617      3.644281843 
    0.02107865638     0.2905692362 -3.417236924e-15      1.162276945        1.7699187      5.672672766      2.540060561     -1.876835362      3.646754063 
    0.01333131283     0.2907463607 -2.694444049e-15      1.162985443      1.390901905      4.470167036      2.535558926     -2.253412857      3.644314762 
   0.008431462551     0.2905708238 -4.070067145e-15      1.162283295      1.769909878      5.672622724      2.540041748     -1.876858405      3.646768283 
   0.005332525134     0.2907469161 -3.317817505e-15      1.162987664      1.390902976      4.470164632      2.535553543     -2.253417068      3.644320044 
   0.003372585021     0.2905710779 -4.535489404e-15      1.162284312      1.769908466       5.67261471      2.540038734     -1.876862093      3.646770559 
   0.002133010054      0.290747005 -5.773077008e-15       1.16298802      1.390903147      4.470164245       2.53555268     -2.253417742      3.644320889 
   0.001349034008     0.2905711186 -5.166923067e-15      1.162284474      1.769908239      5.672613427      2.540038251     -1.876862683      3.646770923 
  0.0008532040214     0.2907470192 -2.356695587e-15      1.162988077      1.390903174      4.470164182      2.535552542      -2.25341785      3.644321024 
  0.0005396136033     0.2905711251  2.772750798e-15        1.1622845      1.769908203      5.672613221      2.540038173     -1.876862778      3.646770981 
  0.0003412816086     0.2907470215  7.198626348e-15      1.162988086      1.390903179      4.470164172       2.53555252     -2.253417867      3.644321046 
  0.0002158454413     0.2905711261  1.385336168e-14      1.162284504      1.769908197      5.672613188      2.540038161     -1.876862793       3.64677099 
  0.0001365126434     0.2907470218   1.80332975e-14      1.162988087      1.390903179      4.470164171      2.535552516      -2.25341787      3.644321049 
  8.633817653e-05     0.2905711263  1.856805955e-14      1.162284505      1.769908197      5.672613183      2.540038159     -1.876862795      3.646770992 
  5.460505737e-05     0.2907470219  1.707160007e-14      1.162988087       1.39090318       4.47016417      2.535552516      -2.25341787       3.64432105 
  3.453527061e-05     0.2905711263  1.832659429e-14      1.162284505      1.769908196      5.672613182      2.540038159     -1.876862796      3.646770992 
  2.184202295e-05     0.2907470219   1.91260336e-14      1.162988088       1.39090318       4.47016417      2.535552515      -2.25341787       3.64432105 
  1.381410824e-05     0.2905711263  1.866302713e-14      1.162284505      1.769908196      5.672613182      2.540038159     -1.876862796      3.646770992 
  8.736809179e-06     0.2907470219  1.686062958e-14      1.162988088       1.39090318       4.47016417      2.535552515      -2.25341787       3.64432105 
  5.525643298e-06     0.2905711263  1.340742687e-14      1.162284505      1.769908196      5.672613182      2.540038159     -1.876862796      3.646770992 
  3.494723672e-06     0.2907470219  9.623580927e-15      1.162988088       1.39090318       4.47016417      2.535552515      -2.25341787       3.64432105 
  2.210257319e-06     0.2905711263  3.754079608e-15      1.162284505      1.769908196      5.672613182      2.540038159     -1.876862796      3.646770992 
  1.397889469e-06     0.2907470219  1.151020653e-15      1.162988088       1.39090318       4.47016417      2.535552515      -2.25341787       3.64432105 
  8.841029276e-07     0.2905711263   -2.6874689e-15      1.162284505      1.769908196      5.672613182      2.540038159     -1.876862796      3.646770992 
  5.591557875e-07     0.2907470219 -4.499089914e-15      1.162988088       1.39090318       4.47016417      2.535552515      -2.25341787       3.64432105 
  3.536411711e-07     0.2905711263 -6.053307091e-15      1.162284505      1.769908196      5.672613182      2.540038159     -1.876862796      3.646770992 
   2.23662315e-07     0.2907470219 -6.137787068e-15      1.162988088       1.39090318       4.47016417      2.535552515      -2.25341787       3.64432105 
  1.414564684e-07     0.2905711263 -4.648150158e-15      1.162284505      1.769908196      5.672613182      2.540038159     -1.876862796      3.646770992 
  8.946492599e-08     0.2907470219 -2.144364504e-15      1.162988088       1.39090318       4.47016417      2.535552515      -2.25341787       3.64432105 
  5.658258737e-08     0.2905711263  2.136200369e-16      1.162284505      1.769908196      5.672613182      2.540038159     -1.876862796      3.646770992 
   3.57859704e-08     0.2907470219  2.812151597e-16      1.162988088       1.39090318       4.47016417      2.535552515      -2.25341787       3.64432105 
  2.263303495e-08     0.2905711263 -9.595898708e-16      1.162284505      1.769908196      5.672613182      2.540038159     -1.876862796      3.646770992 
  1.431438816e-08     0.2907470219  -3.03240253e-15      1.162988088       1.39090318       4.47016417      2.535552515      -2.25341787       3.64432105 
  9.053213979e-09     0.2905711263 -4.112829706e-15      1.162284505      1.769908196      5.672613182      2.540038159     -1.876862796      3.646770992 
  5.725755264e-09     0.2907470219 -5.894704018e-15      1.162988088       1.39090318       4.47016417      2.535552515      -2.25341787       3.64432105 
  3.621285592e-09     0.2905711263 -5.306271493e-15      1.162284505      1.769908196      5.672613182      2.540038159     -1.876862796      3.646770992 
  2.290302105e-09     0.2907470219 -5.890283255e-15      1.162988088       1.39090318       4.47016417      2.535552515      -2.25341787       3.64432105 
  1.448514237e-09     0.2905711263 -4.936812932e-15      1.162284505      1.769908196      5.672613182      2.540038159     -1.876862796      3.646770992 
  9.161208422e-10     0.2907470219 -6.300684659e-15      1.162988088       1.39090318       4.47016417      2.535552515      -2.25341787       3.64432105 
  5.794056946e-10     0.2905711263  -4.75358713e-15      1.162284505      1.769908196      5.672613182      2.540038159     -1.876862796      3.646770992 
  3.664483369e-10     0.2907470219  -4.51047426e-15      1.162988088       1.39090318       4.47016417      2.535552515      -2.25341787       3.64432105 
  2.317622779e-10     0.2905711263 -2.338872859e-15      1.162284505      1.769908196      5.672613182      2.540038159     -1.876862796      3.646770992 
  1.465793347e-10     0.2907470219 -1.649085424e-15      1.162988088       1.39090318       4.47016417      2.535552515      -2.25341787       3.64432105 
  9.270491114e-11     0.2905711263 -1.593124476e-15      1.162284505      1.769908196      5.672613182      2.540038159     -1.876862796      3.646770992 
   5.86317339e-11     0.2907470219 -1.613764875e-15      1.162988088       1.39090318       4.47016417      2.535552515      -2.25341787       3.64432105 
  3.708196446e-11     0.2905711263 -1.233564293e-15      1.162284505      1.769908196      5.672613182      2.540038159     -1.876862796      3.646770992 
  2.345269356e-11     0.2907470219  1.768267357e-17      1.162988088       1.39090318       4.47016417      2.535552515      -2.25341787       3.64432105 
  1.483278578e-11     0.2905711263 -7.919076248e-16      1.162284505      1.769908196      5.672613182      2.540038159     -1.876862796      3.646770992 
  9.381077424e-12     0.2907470219 -3.224636814e-15      1.162988088       1.39090318       4.47016417      2.535552515      -2.25341787       3.64432105 
  5.933114313e-12     0.2905711263 -5.117025034e-15      1.162284505      1.769908196      5.672613182      2.540038159     -1.876862796      3.646770992 
   3.75243097e-12     0.2907470219  -4.64578805e-15      1.162988088       1.39090318       4.47016417      2.535552515      -2.25341787       3.64432105 
  2.373245725e-12     0.2905711263 -4.198321078e-15      1.162284505      1.769908196      5.672613182      2.540038159     -1.876862796      3.646770992 
  1.500972388e-12     0.2907470219 -3.100484972e-15      1.162988088       1.39090318       4.47016417      2.535552515      -2.25341787       3.64432105 
  9.492982901e-13     0.2905711263 -1.079683559e-16      1.162284505      1.769908196      5.672613182      2.540038159     -1.876862796      3.646770992 
  6.003889551e-13     0.2907470219  5.921874343e-15      1.162988088       1.39090318       4.47016417      2.535552515      -2.25341787       3.64432105 
   3.79719316e-13     0.2905711263  1.066668327e-14      1.162284505      1.769908196      5.672613182      2.540038159     -1.876862796      3.646770992 
  2.401555821e-13     0.2907470219  1.199064998e-14      1.162988088       1.39090318       4.47016417      2.535552515      -2.25341787       3.64432105 
  1.518877264e-13     0.2905711263  1.055301943e-14      1.162284505      1.769908196      5.672613182      2.540038159     -1.876862796      3.646770992 
  9.606223282e-14     0.2907470219  7.863773428e-15      1.162988088       1.39090318       4.47016417      2.535552515      -2.25341787       3.64432105 
  6.075509057e-14     0.2905711263   6.64687685e-15      1.162284505      1.769908196      5.672613182      2.540038159     -1.876862796      3.646770992 
  3.842489313e-14     0.2907470219  9.903506682e-15      1.162988088       1.39090318       4.47016417      2.535552515      -2.25341787       3.64432105 
  2.430203623e-14     0.2905711263  1.480899392e-14      1.162284505      1.769908196      5.672613182      2.540038159     -1.876862796      3.646770992 
  1.536995725e-14     0.2907470219  1.604903902e-14      1.162988088       1.39090318       4.47016417      2.535552515      -2.25341787       3.64432105 
  9.720814491e-15     0.2905711263  1.812733276e-14      1.162284505      1.769908196      5.672613182      2.540038159     -1.876862796      3.646770992 
  6.147982901e-15     0.2907470219  1.891465289e-14      1.162988088       1.39090318       4.47016417      2.535552515      -2.25341787       3.64432105 
  3.888325796e-15     0.2905711263  2.425285403e-14      1.162284505      1.769908196      5.672613182      2.540038159     -1.876862796      3.646770992 
   2.45919316e-15     0.2907470219  2.683961819e-14      1.162988088       1.39090318       4.47016417      2.535552515      -2.25341787       3.64432105 
  1.555330319e-15     0.2905711263   2.40387496e-14      1.162284505      1.769908196      5.672613182      2.540038159     -1.876862796      3.646770992 
