# Input file for NRG Ljubljana
# symtype 	QS
# Using sneg version 	1.251
#!9
# Number of channels, chain sites, subspaces: 
1	99	10
# SCALE 	1.0201394465967895
# Energies (GS energy subtracted, multiplied by 1/SCALE):
-3	1
1
0.5388450034589174
-2	2
3
0.2699986417317047	0.5346090621865895	0.8021247250237723
-1	1
6
0.0036606367581524437	0.2669062588484072	0.5371193270467792	0.5388450034589174	0.7990462062887277	1.0678874254831485
-1	3
3
0.2657627004593769	0.5332783632965596	0.7978887837514447
0	2
8
0.	0.26884121919442183	0.26999864173170496	0.53076809843637	0.5346090621865894	0.8009811666347417	0.8021247250237723	1.0642267887249965
0	4
1
0.5290424220242319
1	1
6
0.003660636758152335	0.2669062588484077	0.5371193270467792	0.5388450034589174	0.7990462062887275	1.0678874254831485
1	3
3
0.2657627004593769	0.5332783632965596	0.7978887837514442
2	2
3
0.2699986417317045	0.5346090621865895	0.8021247250237723
3	1
1
0.5388450034589174
# Irreducible matrix elements for Wilson chains:
f 0 0
12
3	1	2	2
0.9236117928724061	0.5210355712320918	0.9356618991803973
2	2	1	3
0.4512300409623279	0.8103069740434178	2.7755575615628914e-16
-0.7998712758623946	2.419939248987646e-16	-0.810306974043418
-1.6653345369377348e-16	-0.7998712758623948	0.45123004096232755
2	2	1	1
-0.6562710294098539	-0.26061937755878334	0.2692058936120338	0.3770629354924264	0.00015105975747098377	-0.001506215382511722
-0.00010173472361296731	-0.4647798766037018	-0.30097617828762835	0.21271188122636006	-0.4647753669546085	-0.00016290275428570977
-0.00150236050712238	-0.00022352508282524886	0.2674627626975067	0.3819823707925717	-0.26061886226555475	0.6584029449730783
1	3	0	4
0.763964741585137
-0.42542376245272756
-0.7541258709848467
1	3	0	2
0.658402944973078	0.26061886226551256	0.26051778561608735	0.2674627626975144	-0.4618058964362013	0.00022352508282499906	1.942890293094024e-16	0.001502360507121922
0.00016290275428573753	-0.4647753669546838	0.467830949590124	0.300976178287626	1.9723805921856297e-15	-0.4647798766036762	0.4618058964362287	-0.00010173472361238445
0.0015062153825116456	0.0001510597574707201	8.326672684688674e-17	-0.2692058936120351	-0.46783094959020016	-0.2606193775587976	-0.26051778561603134	-0.6562710294098539
1	1	0	2
0.5211480861176576	-0.6605456533637699	0.6562710294097476	-0.00019375366666035676	0.00010173472361289446	0.0015100260394421139	-0.0015023605071221025	-5.551115123125783e-17
-0.6541499499616524	0.2606757315017484	0.26061937755882514	0.8076541307623595	0.46477987660370695	-3.885780586188048e-16	-0.00022352508282483252	-0.0015100260394415588
-0.00026531253358887276	-0.8024402094147587	-0.26920589361217573	-2.063453574674412e-15	0.30097617828762097	0.8076541307623775	0.26746276269747565	-0.00019375366666045602
-1.232509879041262e-16	-1.305302096760578e-13	0.7541258709848437	-2.8645239450901265e-15	0.4254237624527316	-3.284442760534172e-14	-0.7639647415851338	1.2402280271225923e-16
-0.0014984646827914602	9.71445146547012e-17	-0.00015105975747073397	-0.802440209414805	0.4647753669546033	-0.26067573150180423	-0.26061886226554043	0.6605456533636644
9.71445146547012e-17	-0.001498464682791828	0.0015062153825118885	0.0002653125335892459	0.0001629027542855454	-0.6541499499616159	0.658402944973114	0.5211480861176578
0	4	-1	3
0.6616128738083425	-0.3684277856576184	-0.6530921619239435
0	2	-1	3
-0.8063756301648964	-0.00019951431284695453	-0.001844729564942471
-0.31919161494770043	0.5692312470267082	-0.0001850096632359799
0.3190678218394945	0.572973556188944	-4.228955157087819e-16
-0.32757364690199875	-0.36861903076881025	0.3297085375497375
-0.565594403238637	-2.745543543864035e-15	-0.5729735561888503
-0.00027376119881716843	0.5692367701964304	0.31919224605037044
-4.759929792868669e-16	0.5655944032386035	-0.3190678218395635
-0.0018400083260786682	0.00012459908098708117	0.8037645775125972
0	2	-1	1
0.3685073456961866	0.4625538655307252	0.00018760429163477976	-1.3877787807814457e-17	0.0010595745385707095	1.7694179454963432e-16
-0.4670763107766711	-0.18432557743570904	0.5674109135739902	8.859579736508749e-14	-2.7755575615628914e-17	-0.0010595745385702723
-0.4640536951920589	0.18428572918040315	-0.1903573129083625	-0.5332475172415976	-0.00010681537887244352	-0.001065055110901842
-0.00013700453157541723	-0.5710977127153952	-1.3361707573711357e-15	1.9845236565174673e-15	0.567410913573957	0.00018760429163466294
-0.00007193731294873745	0.3286490025055204	0.212822296642793	-0.3008200273082178	0.32864581370207335	-0.00011518964222901468
0.001067749652257935	1.1102230246251565e-16	-0.5710977127153827	2.6922908347160046e-14	0.18432557743566919	-0.46255386553075084
0.0010623293023730163	-0.00015805610183058927	0.18912473321832735	0.5402046493622799	-0.184285364813106	-0.4655611871436317
-1.3183898417423734e-16	0.001067749652257463	0.00013700453157525216	4.163336342344337e-17	-0.4670763107767457	0.3685073456961866
-1	3	-2	2
-0.36842778565761836	-0.6530921619239435	1.1102230246251565e-16
-0.6616128738083425	-1.7780915628762273e-16	0.6530921619239436
1.6653345369377348e-16	-0.6616128738083424	-0.3684277856576185
-1	1	-2	2
-0.9281073903839673	0.00014387462589715572	-0.0021246586047451305
0.3685714583608657	-0.6572980050110487	0.0003161122036615116
-0.38071462581691584	-0.4256445932855818	-0.37824946643659985
0.5332475172415945	-0.3008200273082207	0.5402046493622764
-0.00021363075774399887	-0.6572916274041397	0.36857072962619286
-0.002130110221803927	0.00023037928445859834	0.9311223742873136
-2	2	-3	1
0.6530921619239434
-0.3684277856576185
0.6616128738083422
# GS energy in absolute units:
e
-0.539697043630025
# Irreducible matrix elements for other operators:
# Discretization tables:
z
99
0.54528747084262258072
0.41550946829175445321
0.32189917767609217007
0.24026940945817134999
0.17491491876878190148
0.1255632919492425567
0.089470825293627291865
0.063510869308076484098
0.044996379470179667096
0.031848263486986543262
0.02253110983902918545
0.015935788517226129833
0.011269679355652260707
0.0079693530232529236137
0.005635355527382067776
0.0039848589093791197289
0.002817742254109916536
0.0019924522560394299813
0.0014088791886456154369
0.00099622897823941393816
0.00070444060203064941139
0.00049811484539876202341
0.00035222042697908646776
0.00024905746723431266512
0.00017611022923502225261
0.0001245287391840243446
0.000088055116585696278598
0.00006226437028787072241
0.000044027558538871291928
0.000031132185230917681488
0.000022013779300188540311
0.000015566092626331630827
0.000011006889653938381957
7.7830463145249141751e-6
5.5034448274497049541e-6
3.8915231574323444328e-6
2.751722413784916724e-6
1.9457615787374081346e-6
1.3758612068999663929e-6
9.7288078937135855706e-7
6.8793060345092170029e-7
4.8644039468601108975e-7
3.4396530172557816313e-7
2.4322019734304702128e-7
1.7198265086280374569e-7
1.2161009867152869519e-7
8.5991325431403705859e-8
6.0805049335764995663e-8
4.2995662715702082056e-8
3.040252466788257884e-8
2.1497831357851069669e-8
1.5201262333941299546e-8
1.0748915678925538415e-8
7.6006311669706510389e-9
5.3744578394627696548e-9
3.8003155834853256777e-9
2.6872289197313848834e-9
1.9001577917426628586e-9
1.3436144598656924487e-9
9.5007889587133143178e-10
6.7180722993284622521e-10
4.750394479356657162e-10
3.3590361496642311271e-10
2.3751972396783285814e-10
1.6795180748321155637e-10
1.1875986198391642907e-10
8.3975903741605778187e-11
5.9379930991958214537e-11
4.1987951870802889094e-11
2.9689965495979107269e-11
2.0993975935401444547e-11
1.4844982747989553634e-11
1.0496987967700722273e-11
7.4224913739947768172e-12
5.2484939838503611367e-12
3.7112456869973884086e-12
2.6242469919251805684e-12
1.8556228434986942043e-12
1.3121234959625902842e-12
9.2781142174934710215e-13
6.5606174798129514209e-13
4.6390571087467355107e-13
3.2803087399064757104e-13
2.3195285543733677554e-13
1.6401543699532378552e-13
1.1597642771866838777e-13
8.2007718497661892761e-14
5.7988213859334193884e-14
4.1003859248830946381e-14
2.8994106929667096942e-14
2.050192962441547319e-14
1.4497053464833548471e-14
1.0250964812207736595e-14
7.2485267324167742355e-15
5.1254824061038682976e-15
3.6242633662083871178e-15
2.5627412030519341488e-15
1.8121316831041935589e-15
1.2813706015259670744e-15
9.0606584155209677944e-16
99
0.e-999
0.e-998
0.e-997
0.e-997
0.e-996
0.e-995
0.e-994
0.e-993
0.e-992
0.e-991
0.e-991
0.e-990
0.e-989
0.e-988
0.e-987
0.e-986
0.e-986
0.e-985
0.e-984
0.e-983
0.e-982
0.e-981
0.e-981
0.e-980
0.e-979
0.e-978
0.e-977
0.e-976
0.e-975
0.e-975
0.e-974
0.e-973
0.e-972
0.e-971
0.e-970
0.e-970
0.e-969
0.e-968
0.e-967
0.e-966
0.e-965
0.e-964
0.e-964
0.e-963
0.e-962
0.e-961
0.e-960
0.e-959
0.e-959
0.e-958
0.e-957
0.e-956
0.e-955
0.e-954
0.e-953
0.e-953
0.e-952
0.e-951
0.e-950
0.e-949
0.e-948
0.e-948
0.e-947
0.e-946
0.e-945
0.e-944
0.e-943
0.e-942
0.e-942
0.e-941
0.e-940
0.e-939
0.e-938
0.e-937
0.e-937
0.e-936
0.e-935
0.e-934
0.e-933
0.e-932
0.e-931
0.e-931
0.e-930
0.e-929
0.e-928
0.e-919
0.e-893
0.e-867
0.e-841
0.e-815
0.e-788
0.e-761
0.e-733
0.e-706
0.e-678
0.e-649
0.e-621
0.e-592
0.e-563
0.e-533
