0 0
2 2.9976022e-15
4 3.9857007e-14
6 0
8 4.773959e-15
10 2.1316282e-14
12 5.7176486e-14
14 5.206946e-14
16 4.773959e-14
18 3.6748382e-14
20 6.8278716e-14
22 8.2822638e-14
24 8.7152507e-14
26 1.1035617e-13
28 9.7366559e-14
30 1.010303e-13
32 1.0691448e-13
34 1.174616e-13
36 1.2090329e-13
38 1.0946799e-13
40 1.1179946e-13
42 1.1513013e-13
44 1.1501911e-13
46 1.1124435e-13
48 1.2412293e-13
50 1.1113332e-13
52 1.2267964e-13
54 1.2678747e-13
56 1.4055423e-13
58 1.1668444e-13
60 1.2101431e-13
62 1.2889689e-13
64 1.2978507e-13
66 1.274536e-13
68 1.2523316e-13
70 1.1479706e-13
72 1.1946e-13
74 1.3777868e-13
76 1.3300472e-13
78 1.3600232e-13
80 1.4765966e-13
82 1.4865886e-13
84 1.2501111e-13
86 1.254552e-13
88 1.3122836e-13
90 1.3133938e-13
92 1.3700152e-13
94 1.1235457e-13
96 1.0336176e-13
98 1.1290968e-13

0 0.00098025814
2 0.0019605163
4 0.0039210326
6 0.0078420666
8 0.015684133
10 0.031368266
12 0.062736546
14 0.12547313
16 0.25094627
18 0.50189252
20 1.003785
22 1.2963856
24 1.2963856
26 1.2963856
28 1.2963856
30 1.2963856
32 1.2963856
34 1.2963856
36 1.2963856
38 1.2963856
40 1.2963856
42 1.2963856
44 1.2963856
46 1.2963856
48 1.2963856
50 1.2963856
52 1.2963856
54 1.2963856
56 1.2963856
58 1.2963856
60 1.2963856
62 1.2963856
64 1.2963856
66 1.2963856
68 1.2963856
70 1.2963856
72 1.2963856
74 1.2963856
76 1.2963856
78 1.2963856
80 1.2963856
82 1.2963856
84 1.2963856
86 1.2963856
88 1.2963856
90 1.2963856
92 1.2963856
94 1.2963856
96 1.2963856
98 1.2963856

0 0.00098025814
2 0.0019605163
4 0.0039210326
6 0.0078420666
8 0.015684133
10 0.031368266
12 0.062736546
14 0.12547313
16 0.25094627
18 0.50189252
20 1.003785
22 1.2963856
24 1.2963856
26 1.2963856
28 1.2963856
30 1.2963856
32 1.2963856
34 1.2963856
36 1.2963856
38 1.2963856
40 1.2963856
42 1.2963856
44 1.2963856
46 1.2963856
48 1.2963856
50 1.2963856
52 1.2963856
54 1.2963856
56 1.2963856
58 1.2963856
60 1.2963856
62 1.2963856
64 1.2963856
66 1.2963856
68 1.2963856
70 1.2963856
72 1.2963856
74 1.2963856
76 1.2963856
78 1.2963856
80 1.2963856
82 1.2963856
84 1.2963856
86 1.2963856
88 1.2963856
90 1.2963856
92 1.2963856
94 1.2963856
96 1.2963856
98 1.2963856

0 0.0019605163
2 0.0039210326
4 0.0078420654
6 0.015684132
8 0.031368263
10 0.06273654
12 0.12547311
14 0.25094623
16 0.50189245
18 1.0037849
20 1.2963857
22 2.0075725
24 2.5927713
26 2.5927713
28 2.5927713
30 2.5927713
32 2.5927713
34 2.5927713
36 2.5927713
38 2.5927713
40 2.5927713
42 2.5927713
44 2.5927713
46 2.5927713
48 2.5927713
50 2.5927713
52 2.5927713
54 2.5927713
56 2.5927713
58 2.5927713
60 2.5927713
62 2.5927713
64 2.5927713
66 2.5927713
68 2.5927713
70 2.5927713
72 2.5927713
74 2.5927713
76 2.5927713
78 2.5927713
80 2.5927713
82 2.5927713
84 2.5927713
86 2.5927713
88 2.5927713
90 2.5927713
92 2.5927713
94 2.5927713
96 2.5927713
98 2.5927713

0 0.0019605163
2 0.0039210326
4 0.0078420654
6 0.015684132
8 0.031368263
10 0.06273654
12 0.12547311
14 0.25094623
16 0.50189245
18 1.0037849
20 1.2963857
22 2.0075725
24 2.5927718
26 2.5927718
28 2.5927718
30 2.5927718
32 2.5927718
34 2.5927718
36 2.5927718
38 2.5927718
40 2.5927718
42 2.5927718
44 2.5927718
46 2.5927718
48 2.5927718
50 2.5927718
52 2.5927718
54 2.5927718
56 2.5927718
58 2.5927718
60 2.5927718
62 2.5927718
64 2.5927718
66 2.5927718
68 2.5927718
70 2.5927718
72 2.5927718
74 2.5927718
76 2.5927718
78 2.5927718
80 2.5927718
82 2.5927718
84 2.5927718
86 2.5927718
88 2.5927718
90 2.5927718
92 2.5927718
94 2.5927718
96 2.5927718
98 2.5927718

0 0.0029407744
2 0.0058815489
4 0.011763098
6 0.023526197
8 0.047052394
10 0.094104823
12 0.18820965
14 0.37641929
16 0.75283857
18 1.2963863
20 2.0075722
22 2.5927714
24 2.8259681
26 2.8259681
28 2.8259681
30 2.8259681
32 2.8259681
34 2.8259681
36 2.8259681
38 2.8259681
40 2.8259681
42 2.8259681
44 2.8259681
46 2.8259681
48 2.8259681
50 2.8259681
52 2.8259681
54 2.8259681
56 2.8259681
58 2.8259681
60 2.8259681
62 2.8259681
64 2.8259681
66 2.8259681
68 2.8259681
70 2.8259681
72 2.8259681
74 2.8259681
76 2.8259681
78 2.8259681
80 2.8259681
82 2.8259681
84 2.8259681
86 2.8259681
88 2.8259681
90 2.8259681
92 2.8259681
94 2.8259681
96 2.8259681
98 2.8259681

0 0.0029407744
2 0.0058815489
4 0.011763098
6 0.023526197
8 0.047052394
10 0.094104823
12 0.18820965
14 0.37641929
16 0.75283857
18 1.2963863
20 2.0075722
22 2.5927719
24 2.8259683
26 2.8259683
28 2.8259683
30 2.8259683
32 2.8259683
34 2.8259683
36 2.8259683
38 2.8259683
40 2.8259683
42 2.8259683
44 2.8259683
46 2.8259683
48 2.8259683
50 2.8259683
52 2.8259683
54 2.8259683
56 2.8259683
58 2.8259683
60 2.8259683
62 2.8259683
64 2.8259683
66 2.8259683
68 2.8259683
70 2.8259683
72 2.8259683
74 2.8259683
76 2.8259683
78 2.8259683
80 2.8259683
82 2.8259683
84 2.8259683
86 2.8259683
88 2.8259683
90 2.8259683
92 2.8259683
94 2.8259683
96 2.8259683
98 2.8259683

0 0.0039210326
2 0.0078420651
4 0.015684131
6 0.031368262
8 0.062736534
10 0.1254731
12 0.2509462
14 0.5018924
16 1.0037848
18 1.5056775
20 2.3001709
22 2.8259681
24 3.8891575
26 3.8891574
28 3.8891574
30 3.8891574
32 3.8891574
34 3.8891574
36 3.8891574
38 3.8891574
40 3.8891574
42 3.8891574
44 3.8891574
46 3.8891574
48 3.8891574
50 3.8891574
52 3.8891574
54 3.8891574
56 3.8891574
58 3.8891574
60 3.8891574
62 3.8891574
64 3.8891574
66 3.8891574
68 3.8891574
70 3.8891574
72 3.8891574
74 3.8891574
76 3.8891574
78 3.8891574
80 3.8891574
82 3.8891574
84 3.8891574
86 3.8891574
88 3.8891574
90 3.8891574
92 3.8891574
94 3.8891574
96 3.8891574
98 3.8891574

