#               T           <Sz^2>              <Q>            <Q^2>              <E>            <E^2>                C                F                S 
      1.020139447     0.3712283751  7.997412029e-17      1.480108811     0.4635643537     0.2844473309    0.06955542088     -3.660232528      4.123796882 
     0.7213475204     0.4608812796  8.373901747e-18      1.836844312      1.245972582      2.156707794     0.6042601179     -3.970905531      5.216878113 
     0.5100697233     0.5272122582 -8.320127398e-17      2.099697849       1.67906091      4.181924711      1.362679173     -4.407505619      6.086566529 
     0.3606737602     0.5599927986  7.053937975e-17      2.227702114      2.332542517      7.779804176      2.339049581      -4.28152179      6.614064307 
     0.2550348616     0.5657759364  3.924109074e-16      2.247131751      2.458870567      9.202670812      3.156626349     -4.342361602      6.801232169 
     0.1803368801     0.5556488489  3.793277678e-15      2.202687627      2.798623233      11.42432841       3.59203641     -3.949561624      6.748184857 
     0.1275174308     0.5372307256  4.485003487e-15      2.125491132       2.65770374      10.84219218      3.778803009     -3.914444699      6.572148439 
    0.09016844006     0.5122524104  7.437522955e-15      2.023845584      2.910042778      12.44105154      3.972702567     -3.416314776      6.326357554 
    0.06375871541     0.4815241355  9.988824555e-15       1.90182988      2.609007396      10.92302087       4.11610128     -3.402627058      6.011634454 
    0.04508422003     0.4486966768  1.194441436e-14      1.774059572      2.765641448      11.84605587      4.197283249     -2.894027666      5.659669114 
    0.03187935771     0.4184612132  1.128130575e-14      1.657931195      2.322358983      9.484602631      4.091251383     -2.986149368      5.308508351 
    0.02254211001     0.3951464379   9.05238159e-15      1.569786566      2.467755683      9.992348679      3.902530569      -2.55131101      5.019066693 
    0.01593967885     0.3794047422  4.238381971e-15      1.510073741      2.042788799      7.836692544      3.663706465     -2.765898208      4.808687007 
    0.01127105501     0.3694884725 -2.687547821e-15      1.473075254      2.281221029      8.710329924      3.506360541     -2.394620267      4.675841296 
   0.007969839427     0.3631905588 -1.050055565e-14      1.449048032      1.914918782      7.054348494      3.387434555     -2.674938602      4.589857384 
   0.005635527503     0.3591850455 -1.459287452e-14      1.434408437      2.212351623      8.258834748      3.364335044     -2.328000488      4.540352111 
   0.003984919713     0.3562474623 -1.800710518e-14      1.423326089      1.865074063      6.772307631      3.293806371     -2.635124483      4.500198546 
   0.002817763752     0.3542970388 -1.938048235e-14       1.41593247      2.179678726      8.028605463      3.277606116     -2.296223207      4.475901933 
   0.001992459857     0.3529693474  -2.19123902e-14      1.411062704      1.842580404       6.65280993      3.257707386     -2.616041851      4.458622255 
   0.001408881876     0.3519253133 -2.441810621e-14      1.407036796      2.164456608      7.924474408      3.239602001     -2.280628652       4.44508526 
  0.0009962299283      0.351354087 -2.802827924e-14      1.405006781      1.831689919      6.596828718       3.24174076     -2.606612736      4.438302655 
  0.0007044409379     0.3507860111 -3.288392605e-14      1.402772755      2.157855598       7.88525648      3.228915697     -2.272964199      4.430819797 
  0.0004981149642     0.3505470072  -3.75509883e-14      1.401987027      1.826327575      6.569686976      3.234214566     -2.601920854      4.428248429 
   0.000352220469     0.3502167243 -3.928344305e-14      1.400641815      2.154557426      7.865662738      3.223545035      -2.26913374      4.423691166 
  0.0002490574821     0.3501441521 -4.159222725e-14       1.40047603      1.823607921      6.555725759       3.23017991      -2.59957114      4.423179061 
  0.0001761102345     0.3499040743 -4.309370307e-14      1.399538978      2.152370476      7.849192759      3.216494093     -2.267150744       4.41952122 
   0.000124528741     0.3499425593 -4.581715453e-14      1.399719927      1.822243499      6.548698217      3.228126847     -2.598396009      4.420639508 
  8.805511724e-05     0.3497620266 -5.151926434e-14      1.399006276      2.151548421      7.844325774      3.215165168     -2.266193486      4.417741907 
  6.226437052e-05     0.3498408044  -5.55147272e-14      1.399338078      1.821358302      6.542651467      3.225305402      -2.59778516      4.419143462 
  4.402755862e-05      0.349699453 -5.909292137e-14      1.398747157        2.1512374      7.843109623       3.21528727     -2.265727904      4.416965305 
  3.113218526e-05     0.3497905611 -6.105461299e-14      1.399149261      1.821019275      6.540919323      3.224808124     -2.597491708      4.418510982 
  2.201377931e-05     0.3496639292 -6.018167851e-14       1.39861396      2.151031715      7.841891159      3.214953718     -2.265488564       4.41652028 
  1.556609263e-05     0.3497673838 -5.896391746e-14      1.399049581      1.820833766      6.539828724       3.22439312     -2.597343645      4.418177411 
  1.100688966e-05     0.3496461811 -5.232472059e-14      1.398547354      2.150929197      7.841285077      3.214788667     -2.265368997      4.416298194 
  7.783046315e-06     0.3497547964 -4.495829386e-14      1.399002382      1.820748883      6.539394258      3.224267762     -2.597270298      4.418019182 
  5.503444828e-06     0.3496380007 -3.566942615e-14      1.398549706      2.151058174      7.843146323      3.216095054     -2.265333004      4.416391178 
  3.891523157e-06     0.3497485186 -2.582673652e-14       1.39897927      1.820707925      6.539193851      3.224216501     -2.597233825      4.417941751 
  2.751722414e-06     0.3496335637 -1.771830731e-14      1.398533073      2.151032478      7.842994054      3.216053333     -2.265303112       4.41633559 
  1.945761579e-06     0.3497442265 -1.402366403e-14      1.398976113      1.820737263      6.539767515      3.224683333     -2.597220599      4.417957862 
  1.375861207e-06     0.3496313387 -1.093425876e-14      1.398524793      2.151019964      7.842921144      3.216034257      -2.26528822      4.416308185 
  9.728807894e-07     0.3497426534 -1.064751872e-14      1.398970214      1.820726652      6.539713171      3.224667628     -2.597211433      4.417938086 
  6.879306035e-07     0.3496302289 -9.285882769e-15      1.398520633      2.151013533       7.84288301       3.21602379     -2.265280744      4.416294278 
  4.864403947e-07     0.3497418666 -6.099078412e-15      1.398967265      1.820721346      6.539685995      3.224659775      -2.59720685      4.417928196 
  3.439653017e-07     0.3496296738 -3.547085202e-15      1.398518553      2.151010317      7.842863939      3.216018555     -2.265277006      4.416287323 
  2.432201973e-07      0.349741473 -1.805996429e-15      1.398965791      1.820718693      6.539672405      3.224655847     -2.597204559      4.417923251 
  1.719826509e-07     0.3496293962 -4.580225375e-16      1.398517514      2.151008709      7.842854404      3.216015937     -2.265275137      4.416283846 
  1.216100987e-07     0.3497412763   1.67593353e-15      1.398965055      1.820717366       6.53966561      3.224653883     -2.597203413      4.417920779 
  8.599132543e-08     0.3496292574  5.178322252e-15      1.398516994      2.151007905      7.842849636      3.216014628     -2.265274203      4.416282108 
  6.080504934e-08     0.3497411779  7.564271668e-15      1.398964686      1.820716703      6.539662213      3.224652902      -2.59720284      4.417919543 
  4.299566272e-08      0.349629188  8.675115229e-15      1.398516734      2.151007503      7.842847252      3.216013974     -2.265273736      4.416281239 
  3.040252467e-08     0.3497411287  8.043107783e-15      1.398964502      1.820716371      6.539660514      3.224652411     -2.597202554      4.417918925 
  2.149783136e-08     0.3496291533  6.131533811e-15      1.398516604      2.151007302       7.84284606      3.216013647     -2.265273502      4.416280804 
  1.520126233e-08     0.3497411041  4.665494404e-15       1.39896441      1.820716205      6.539659665      3.224652165      -2.59720241      4.417918616 
  1.074891568e-08     0.3496291359  3.718567004e-15      1.398516539      2.151007202      7.842845465      3.216013483     -2.265273385      4.416280587 
  7.600631167e-09     0.3497410918  4.449350778e-15      1.398964364      1.820716122      6.539659241      3.224652042     -2.597202339      4.417918461 
  5.374457839e-09     0.3496291273  3.583494332e-15      1.398516507      2.151007151      7.842845167      3.216013401     -2.265273327      4.416280478 
  3.800315583e-09     0.3497410856 -8.603343074e-16      1.398964341      1.820716081      6.539659028      3.224651981     -2.597202303      4.417918384 
   2.68722892e-09     0.3496291229 -8.096405621e-15      1.398516491      2.151007126      7.842845018       3.21601336     -2.265273298      4.416280424 
  1.900157792e-09     0.3497410825 -1.590761403e-14      1.398964329       1.82071606      6.539658922       3.22465195     -2.597202285      4.417918345 
   1.34361446e-09     0.3496291207 -2.414322775e-14      1.398516482      2.151007114      7.842844943       3.21601334     -2.265273283      4.416280397 
  9.500788959e-10      0.349741081 -2.791736501e-14      1.398964324       1.82071605      6.539658869      3.224651935     -2.597202276      4.417918326 
  6.718072299e-10     0.3496291197 -2.976024366e-14      1.398516478      2.151007107      7.842844906       3.21601333     -2.265273276      4.416280383 
  4.750394479e-10     0.3497410802 -3.046273378e-14      1.398964321      1.820716045      6.539658842      3.224651927     -2.597202272      4.417918316 
   3.35903615e-10     0.3496291191  -3.16471903e-14      1.398516476      2.151007104      7.842844887      3.216013325     -2.265273272      4.416280376 
   2.37519724e-10     0.3497410799 -3.235842293e-14      1.398964319      1.820716042      6.539658829      3.224651924     -2.597202269      4.417918311 
  1.679518075e-10     0.3496291188 -3.460747236e-14      1.398516475      2.151007103      7.842844878      3.216013322      -2.26527327      4.416280373 
   1.18759862e-10     0.3497410797 -3.511941272e-14      1.398964319      1.820716041      6.539658823      3.224651922     -2.597202268      4.417918309 
  8.397590374e-11     0.3496291187 -3.730193023e-14      1.398516475      2.151007102      7.842844873      3.216013321     -2.265273269      4.416280371 
  5.937993099e-11     0.3497410796 -3.938232694e-14      1.398964318       1.82071604      6.539658819      3.224651921     -2.597202268      4.417918308 
  4.198795187e-11     0.3496291186 -4.030968247e-14      1.398516475      2.151007102      7.842844871       3.21601332     -2.265273269       4.41628037 
   2.96899655e-11     0.3497410795 -4.110324596e-14      1.398964318       1.82071604      6.539658818       3.22465192     -2.597202268      4.417918307 
  2.099397594e-11     0.3496291186  -3.92392956e-14      1.398516474      2.151007101       7.84284487       3.21601332     -2.265273269       4.41628037 
  1.484498275e-11     0.3497410795 -3.987381506e-14      1.398964318       1.82071604      6.539658817       3.22465192     -2.597202267      4.417918307 
  1.049698797e-11     0.3496291186 -4.015608517e-14      1.398516474      2.151007101      7.842844869       3.21601332     -2.265273268       4.41628037 
  7.422491374e-12     0.3497410795  -4.20460717e-14      1.398964318      1.820716039      6.539658816       3.22465192     -2.597202267      4.417918307 
  5.248493984e-12     0.3496291186 -4.469116726e-14      1.398516474      2.151007101      7.842844869       3.21601332     -2.265273268       4.41628037 
  3.711245687e-12     0.3497410795 -4.806781652e-14      1.398964318      1.820716039      6.539658816       3.22465192     -2.597202267      4.417918307 
  2.624246992e-12     0.3496291186 -5.218594615e-14      1.398516474      2.151007101      7.842844869       3.21601332     -2.265273268       4.41628037 
  1.855622843e-12     0.3497410795 -5.592896747e-14      1.398964318      1.820716039      6.539658816       3.22465192     -2.597202267      4.417918307 
  1.312123496e-12     0.3496291186 -5.872868732e-14      1.398516474      2.151007101      7.842844869       3.21601332     -2.265273268      4.416280369 
  9.278114217e-13     0.3497410795 -6.014211348e-14      1.398964318      1.820716039      6.539658816       3.22465192     -2.597202267      4.417918307 
   6.56061748e-13     0.3496291186 -6.264532866e-14      1.398516474      2.151007101      7.842844869       3.21601332     -2.265273268      4.416280369 
  4.639057109e-13     0.3497410795 -6.274323413e-14      1.398964318      1.820716039      6.539658816       3.22465192     -2.597202267      4.417918307 
   3.28030874e-13     0.3496291186 -6.448034833e-14      1.398516474      2.151007101      7.842844869       3.21601332     -2.265273268      4.416280369 
  2.319528554e-13     0.3497410795 -6.407537905e-14      1.398964318      1.820716039      6.539658816       3.22465192     -2.597202267      4.417918307 
   1.64015437e-13     0.3496291186 -6.316421476e-14      1.398516474      2.151007101      7.842844869       3.21601332     -2.265273268      4.416280369 
  1.159764277e-13     0.3497410795 -6.243827781e-14      1.398964318      1.820716039      6.539658816       3.22465192     -2.597202267      4.417918307 
   8.20077185e-14     0.3496291186 -6.100782019e-14      1.398516474      2.151007101      7.842844869       3.21601332     -2.265273268      4.416280369 
  5.798821386e-14     0.3497410795 -5.735302162e-14      1.398964318      1.820716039      6.539658816       3.22465192     -2.597202267      4.417918307 
  4.100385925e-14     0.3496291186 -5.523362827e-14      1.398516474      2.151007101      7.842844869       3.21601332     -2.265273268      4.416280369 
  2.899410693e-14     0.3497410795 -5.565728347e-14      1.398964318      1.820716039      6.539658816       3.22465192     -2.597202267      4.417918307 
  2.050192962e-14     0.3496291186 -5.917120243e-14      1.398516474      2.151007101      7.842844869       3.21601332     -2.265273268      4.416280369 
  1.449705346e-14     0.3497410795 -6.069755206e-14      1.398964318      1.820716039      6.539658816       3.22465192     -2.597202267      4.417918307 
  1.025096481e-14     0.3496291186 -6.424779156e-14      1.398516474      2.151007101      7.842844869       3.21601332     -2.265273268      4.416280369 
  7.248526732e-15     0.3497410795 -6.719535708e-14      1.398964318      1.820716039      6.539658816       3.22465192     -2.597202267      4.417918307 
  5.125482406e-15     0.3496291186 -6.867672404e-14      1.398516474      2.151007101      7.842844869       3.21601332     -2.265273268      4.416280369 
  3.624263366e-15     0.3497410795 -6.667766053e-14      1.398964318      1.820716039      6.539658816       3.22465192     -2.597202267      4.417918307 
  2.562741203e-15     0.3496291186 -6.469273757e-14      1.398516474      2.151007101      7.842844869       3.21601332     -2.265273268      4.416280369 
  1.812131683e-15     0.3497410795 -6.256426893e-14      1.398964318      1.820716039      6.539658816       3.22465192     -2.597202267      4.417918307 
  1.281370602e-15     0.3496291186 -6.172799889e-14      1.398516474      2.151007101      7.842844869       3.21601332     -2.265273268      4.416280369 
