#           1            2            3            4            5            6            7            8            9 
#           T        SZ2f0         SaSa         SaSd         SaSf          n_a          n_d          n_f          s^2 
      1.03535        0.125     0.375905  5.35689e-16 -5.57215e-07            1            1            1     0.751811 
     0.654814        0.125     0.376432  4.63927e-15 -1.25723e-06            1            1            1     0.752863 
     0.414141        0.125     0.377264  3.94324e-14 -2.77359e-06            1            1            1     0.754527 
     0.261926        0.125      0.37858  2.84077e-13 -5.41128e-06            1            1            1     0.757159 
     0.165656        0.125     0.380659  1.28548e-07 -9.31476e-06            1            1            1     0.761318 
      0.10477        0.125     0.383946  2.20557e-10 -1.40278e-05            1            1            1     0.767893 
    0.0662625        0.125     0.389147  1.46139e-07 -1.99246e-05            1            1            1     0.778295 
    0.0419081        0.125     0.397339  7.08863e-10 -2.67694e-05            1            1            1     0.794679 
     0.026505        0.125     0.410262  6.74999e-07 -3.47095e-05            1            1            1     0.820526 
