#           T       <Sz^2>          <Q>        <Q^2>          <E>        <E^2>            C            F            S 
      1.03535     0.375603  5.60197e-17      1.49758   0.00910857  0.000106504  2.35385e-05     -4.14976      4.15887 
     0.654814     0.464811 -1.58594e-18      1.85161      1.00005      1.54851     0.548404     -4.24855      5.24861 
     0.414141     0.522103 -3.97719e-16      2.07634      1.10443      2.59676      1.37699     -4.92094      6.02537 
     0.261926     0.540243 -2.01648e-15      2.14189      1.74514        5.295      2.24948      -4.6112      6.35635 
     0.165656     0.544187 -2.51847e-15      2.14657      1.42313      4.54505      2.51975     -4.98871      6.41184 
      0.10477     0.546395  2.47627e-16      2.13787      1.81722      5.84489      2.54261      -4.6003      6.41752 
    0.0662625     0.550107 -2.38942e-15      2.12502      1.46862      4.69562      2.53876     -4.94623      6.41485 
    0.0419081     0.555411 -3.17014e-15       2.1025      1.88224      6.09037      2.54754     -4.53307      6.41531 
     0.026505     0.564189 -3.90312e-15      2.06874      1.56683      5.00842      2.55346     -4.84066      6.40749 
