#               1 
#               T 
      2.058462537 
      1.301886019 
     0.8233850148 
     0.5207544076 
     0.3293540059 
      0.208301763 
     0.1317416024 
    0.08332070521 
    0.05269664095 
    0.03332828209 
    0.02107865638 
    0.01333131283 
   0.008431462551 
   0.005332525134 
   0.003372585021 
   0.002133010054 
   0.001349034008 
  0.0008532040214 
  0.0005396136033 
  0.0003412816086 
  0.0002158454413 
  0.0001365126434 
  8.633817653e-05 
  5.460505737e-05 
  3.453527061e-05 
  2.184202295e-05 
  1.381410824e-05 
  8.736809179e-06 
  5.525643298e-06 
  3.494723672e-06 
  2.210257319e-06 
  1.397889469e-06 
  8.841029276e-07 
  5.591557875e-07 
  3.536411711e-07 
   2.23662315e-07 
  1.414564684e-07 
  8.946492599e-08 
  5.658258737e-08 
   3.57859704e-08 
  2.263303495e-08 
  1.431438816e-08 
  9.053213979e-09 
  5.725755264e-09 
  3.621285592e-09 
  2.290302105e-09 
  1.448514237e-09 
  9.161208422e-10 
  5.794056946e-10 
  3.664483369e-10 
  2.317622779e-10 
  1.465793347e-10 
  9.270491114e-11 
   5.86317339e-11 
  3.708196446e-11 
  2.345269356e-11 
  1.483278578e-11 
  9.381077424e-12 
  5.933114313e-12 
   3.75243097e-12 
  2.373245725e-12 
  1.500972388e-12 
  9.492982901e-13 
  6.003889551e-13 
   3.79719316e-13 
  2.401555821e-13 
  1.518877264e-13 
  9.606223282e-14 
  6.075509057e-14 
  3.842489313e-14 
  2.430203623e-14 
  1.536995725e-14 
  9.720814491e-15 
  6.147982901e-15 
  3.888325796e-15 
   2.45919316e-15 
  1.555330319e-15 
