#               T           <Sz^2>              <Q>            <Q^2>              <E>            <E^2>                C                F                S 
      2.058462537     0.2515180487 -1.404632507e-17     0.9939278052    0.01199749319  0.0002914187888   0.000147478946     -2.760517484      2.772514977 
      1.301886019     0.3655379866 -3.888941441e-17      1.442951396     0.7114429136     0.6932427624      0.187091743     -3.351594107       4.06303702 
     0.8233850148     0.4516149024 -1.489546313e-16       1.77610647      1.101239031      1.983961263     0.7712338585     -4.010154426      5.111393457 
     0.5207544076      0.473659338 -2.603806714e-16      1.846666924      1.997906797      6.014314816      2.022683247     -3.555067575      5.552974372 
     0.3293540059     0.4553658902 -1.989309117e-15      1.745702843      1.750734951      6.062531414      2.997458546      -3.70520554      5.455940491 
      0.208301763     0.4381819365 -8.435124849e-15      1.633281885      1.997667602      7.033732468      3.043056621      -3.18607368      5.183741282 
     0.1317416024     0.4398412984 -1.430737238e-14      1.571792066      1.559926736      5.099950477      2.666579054     -3.471063476      5.030990213 
    0.08332070521     0.4520401327 -1.899166317e-14      1.516797933      1.981841441      6.545813874      2.618118375      -3.00836455      4.990205991 
    0.05269664095     0.4709683039 -2.134674936e-14      1.442083399      1.654912852      5.446031299      2.707294751      -3.27393028      4.928843132 
    0.03332828209     0.4949733341 -2.428611281e-14      1.344665468       2.04305265       7.04489777      2.870833639     -2.771487568      4.814540218 
    0.02107865638     0.5194020052 -2.356203839e-14      1.248201176      1.592409293      5.500677904      2.964910547      -3.03569278      4.628102073 
    0.01333131283     0.5348122537  -2.23368276e-14      1.185154866      1.855402514      6.291215608      2.848697118     -2.593205972      4.448608487 
   0.008431462551     0.5400659884 -2.238536489e-14      1.165512106      1.405689445      4.594373131      2.618410315     -2.949132773      4.354822218 
   0.005332525134     0.5405416413 -2.516870354e-14      1.162323932      1.770267561        5.6764733      2.542626063     -2.570057305      4.340324866 
   0.003372585021     0.5407320212 -2.704277096e-14      1.162928085      1.390341495      4.462459029      2.529409557     -2.946511237      4.336852731 
   0.002133010054     0.5405622049 -2.791625437e-14       1.16224882      1.769548093      5.667390874       2.53609042     -2.569975519      4.339523612 
   0.001349034008     0.5407319482 -2.666731114e-14      1.162927793      1.390341387      4.462459621      2.529410449      -2.94651067      4.336852057 
  0.0008532040214     0.5405621709 -2.647660821e-14      1.162248684      1.769548303        5.6673921      2.536090904     -2.569975016      4.339523319 
  0.0005396136033     0.5407319364 -2.704234741e-14      1.162927745      1.390341369      4.462459713       2.52941059      -2.94651058      4.336851949 
  0.0003412816086     0.5405621656 -2.970517613e-14      1.162248662      1.769548337      5.667392295       2.53609098     -2.569974936      4.339523272 
  0.0002158454413     0.5407319346 -2.998832427e-14      1.162927738      1.390341367      4.462459729      2.529410613     -2.946510566      4.336851932 
  0.0001365126434     0.5405621648  -3.16147893e-14      1.162248659      1.769548342      5.667392328      2.536090993     -2.569974923      4.339523265 
  8.633817653e-05     0.5407319343 -3.032861735e-14      1.162927737      1.390341367      4.462459732      2.529410617     -2.946510563       4.33685193 
  5.460505737e-05     0.5405621647 -3.053401356e-14      1.162248659      1.769548343      5.667392334      2.536090995     -2.569974921      4.339523265 
  3.453527061e-05     0.5407319343 -2.871379006e-14      1.162927737      1.390341367      4.462459733      2.529410618     -2.946510563       4.33685193 
  2.184202295e-05     0.5405621646 -2.996455004e-14      1.162248659      1.769548343      5.667392335      2.536090995     -2.569974921      4.339523265 
  1.381410824e-05     0.5407319343 -3.146548239e-14      1.162927737      1.390341367      4.462459734      2.529410618     -2.946510563       4.33685193 
  8.736809179e-06     0.5405621646 -3.583811438e-14      1.162248659      1.769548343      5.667392335      2.536090995     -2.569974921      4.339523265 
  5.525643298e-06     0.5407319343 -3.806763575e-14      1.162927737      1.390341367      4.462459734      2.529410618     -2.946510563       4.33685193 
  3.494723672e-06     0.5405621646 -4.197153557e-14      1.162248659      1.769548343      5.667392335      2.536090995     -2.569974921      4.339523265 
  2.210257319e-06     0.5407319343 -4.171204206e-14      1.162927737      1.390341367      4.462459734      2.529410618     -2.946510563       4.33685193 
  1.397889469e-06     0.5405621646 -4.430776446e-14      1.162248659      1.769548343      5.667392335      2.536090995     -2.569974921      4.339523265 
  8.841029276e-07     0.5407319343 -4.217934847e-14      1.162927737      1.390341367      4.462459734      2.529410618     -2.946510563       4.33685193 
  5.591557875e-07     0.5405621646  -4.15260338e-14      1.162248659      1.769548343      5.667392335      2.536090995     -2.569974921      4.339523265 
  3.536411711e-07     0.5407319343 -3.819002803e-14      1.162927737      1.390341367      4.462459734      2.529410618     -2.946510563       4.33685193 
   2.23662315e-07     0.5405621646 -3.745397319e-14      1.162248659      1.769548343      5.667392335      2.536090995     -2.569974921      4.339523265 
  1.414564684e-07     0.5407319343 -3.486953589e-14      1.162927737      1.390341367      4.462459734      2.529410618     -2.946510563       4.33685193 
  8.946492599e-08     0.5405621646 -3.859948902e-14      1.162248659      1.769548343      5.667392335      2.536090995     -2.569974921      4.339523265 
  5.658258737e-08     0.5407319343 -3.941791139e-14      1.162927737      1.390341367      4.462459734      2.529410618     -2.946510563       4.33685193 
   3.57859704e-08     0.5405621646 -4.061918223e-14      1.162248659      1.769548343      5.667392335      2.536090995     -2.569974921      4.339523265 
  2.263303495e-08     0.5407319343 -3.740333744e-14      1.162927737      1.390341367      4.462459734      2.529410618     -2.946510563       4.33685193 
  1.431438816e-08     0.5405621646 -3.859950717e-14      1.162248659      1.769548343      5.667392335      2.536090995     -2.569974921      4.339523265 
  9.053213979e-09     0.5407319343 -3.779687849e-14      1.162927737      1.390341367      4.462459734      2.529410618     -2.946510563       4.33685193 
  5.725755264e-09     0.5405621646 -3.846590913e-14      1.162248659      1.769548343      5.667392335      2.536090995     -2.569974921      4.339523265 
  3.621285592e-09     0.5407319343  -3.65974307e-14      1.162927737      1.390341367      4.462459734      2.529410618     -2.946510563       4.33685193 
  2.290302105e-09     0.5405621646 -3.897471638e-14      1.162248659      1.769548343      5.667392335      2.536090995     -2.569974921      4.339523265 
  1.448514237e-09     0.5407319343 -3.943520707e-14      1.162927737      1.390341367      4.462459734      2.529410618     -2.946510563       4.33685193 
  9.161208422e-10     0.5405621646  -4.45845984e-14      1.162248659      1.769548343      5.667392335      2.536090995     -2.569974921      4.339523265 
  5.794056946e-10     0.5407319343 -4.119244573e-14      1.162927737      1.390341367      4.462459734      2.529410618     -2.946510563       4.33685193 
  3.664483369e-10     0.5405621646 -3.919149359e-14      1.162248659      1.769548343      5.667392335      2.536090995     -2.569974921      4.339523265 
  2.317622779e-10     0.5407319343 -3.278959172e-14      1.162927737      1.390341367      4.462459734      2.529410618     -2.946510563       4.33685193 
  1.465793347e-10     0.5405621646 -3.221785338e-14      1.162248659      1.769548343      5.667392335      2.536090995     -2.569974921      4.339523265 
  9.270491114e-11     0.5407319343 -2.911513544e-14      1.162927737      1.390341367      4.462459734      2.529410618     -2.946510563       4.33685193 
   5.86317339e-11     0.5405621646 -2.914203887e-14      1.162248659      1.769548343      5.667392335      2.536090995     -2.569974921      4.339523265 
  3.708196446e-11     0.5407319343 -2.704246174e-14      1.162927737      1.390341367      4.462459734      2.529410618     -2.946510563       4.33685193 
  2.345269356e-11     0.5405621646 -2.708916009e-14      1.162248659      1.769548343      5.667392335      2.536090995     -2.569974921      4.339523265 
  1.483278578e-11     0.5407319343 -2.705944422e-14      1.162927737      1.390341367      4.462459734      2.529410618     -2.946510563       4.33685193 
  9.381077424e-12     0.5405621646 -2.864206506e-14      1.162248659      1.769548343      5.667392335      2.536090995     -2.569974921      4.339523265 
  5.933114313e-12     0.5407319343 -2.965829141e-14      1.162927737      1.390341367      4.462459734      2.529410618     -2.946510563       4.33685193 
   3.75243097e-12     0.5405621646 -2.940208294e-14      1.162248659      1.769548343      5.667392335      2.536090995     -2.569974921      4.339523265 
  2.373245725e-12     0.5407319343 -2.897728254e-14      1.162927737      1.390341367      4.462459734      2.529410618     -2.946510563       4.33685193 
  1.500972388e-12     0.5405621646 -3.064248153e-14      1.162248659      1.769548343      5.667392335      2.536090995     -2.569974921      4.339523265 
  9.492982901e-13     0.5407319343 -3.217124106e-14      1.162927737      1.390341367      4.462459734      2.529410618     -2.946510563       4.33685193 
  6.003889551e-13     0.5405621646 -3.574744453e-14      1.162248659      1.769548343      5.667392335      2.536090995     -2.569974921      4.339523265 
   3.79719316e-13     0.5407319343 -3.852982136e-14      1.162927737      1.390341367      4.462459734      2.529410618     -2.946510563       4.33685193 
  2.401555821e-13     0.5405621646   -4.4319439e-14      1.162248659      1.769548343      5.667392335      2.536090995     -2.569974921      4.339523265 
  1.518877264e-13     0.5407319343 -4.920768528e-14      1.162927737      1.390341367      4.462459734      2.529410618     -2.946510563       4.33685193 
  9.606223282e-14     0.5405621646 -5.472768493e-14      1.162248659      1.769548343      5.667392335      2.536090995     -2.569974921      4.339523265 
  6.075509057e-14     0.5407319343 -5.584842754e-14      1.162927737      1.390341367      4.462459734      2.529410618     -2.946510563       4.33685193 
  3.842489313e-14     0.5405621646 -5.807942213e-14      1.162248659      1.769548343      5.667392335      2.536090995     -2.569974921      4.339523265 
  2.430203623e-14     0.5407319343 -5.463849188e-14      1.162927737      1.390341367      4.462459734      2.529410618     -2.946510563       4.33685193 
  1.536995725e-14     0.5405621646 -5.500348886e-14      1.162248659      1.769548343      5.667392335      2.536090995     -2.569974921      4.339523265 
  9.720814491e-15     0.5407319343 -5.168249589e-14      1.162927737      1.390341367      4.462459734      2.529410618     -2.946510563       4.33685193 
  6.147982901e-15     0.5405621646 -5.439247049e-14      1.162248659      1.769548343      5.667392335      2.536090995     -2.569974921      4.339523265 
  3.888325796e-15     0.5407319343 -5.338886542e-14      1.162927737      1.390341367      4.462459734      2.529410618     -2.946510563       4.33685193 
   2.45919316e-15     0.5405621646 -5.725907368e-14      1.162248659      1.769548343      5.667392335      2.536090995     -2.569974921      4.339523265 
  1.555330319e-15     0.5407319343 -5.668338772e-14      1.162927737      1.390341367      4.462459734      2.529410618     -2.946510563       4.33685193 
