#               T           <Sz^2>              <Q>            <Q^2>              <E>            <E^2>                C                F                S 
      1.213157088      0.349527597                0     0.4963291547     0.2728406397     0.0910600164    0.01661800171     -1.798766666      2.071607306 
     0.8578316037      0.439923253 -1.099017335e-17     0.8853215652     0.9173716667      1.283806137     0.4422353619     -2.312729562      3.230101229 
     0.6065785441     0.5044608223                0      1.183579619      1.360198761      2.966136925      1.115996255     -2.817277672      4.177476433 
     0.4289158019     0.5439461742  1.129759145e-16      1.382371864      1.825719188      5.279054349      1.945803797      -3.04185021      4.867569397 
      0.303289272      0.567022636 -6.207564421e-16      1.512280953      2.023719037      6.703174095      2.607735353     -3.298500892       5.32221993 
     0.2144579009     0.5848085437 -2.560450734e-15      1.617052159      2.137248009       7.45026349      2.882434437     -3.498569508      5.635817517 
      0.151644636     0.6033429452 -2.920668625e-15      1.723464211      2.224335219        7.8630804      2.915413232     -3.698599794      5.922935013 
     0.1072289505      0.623367371 -5.272768177e-15      1.834589413      2.261056095      8.037754316      2.925379653     -3.959781324      6.220837419 
    0.07582231801     0.6444159959 -7.114655846e-15      1.951332515      2.390669283      8.645096577      2.929796956     -4.139175873      6.529845156 
    0.05361447523     0.6644014074  -6.08249441e-15      2.068402938      2.404113985      8.745552113      2.965788059     -4.440128285      6.844242271 
    0.03791115901     0.6836076798 -3.487552282e-15      2.185685116      2.553420253      9.528434732      3.008479745     -4.598419524      7.151839777 
