# Input file for NRG Ljubljana
# symtype 	QS
# Using sneg version 	1.251
#!9
# Number of channels, chain sites, subspaces: 
1	76	6
# SCALE 	1.4047595195534888
# Energies (GS energy subtracted, multiplied by 1/SCALE):
-2	1
1
0.03559328077441525
-1	2
2
0.	0.03559328077441525
0	1
3
0.	0.03559328077441525	0.03559328077441525
0	3
1
0.
1	2
2
0.	0.03559328077441525
2	1
1
0.03559328077441525
# Irreducible matrix elements for Wilson chains:
f 0 0
6
2	1	1	2
0.	1.4142135623730951
1	2	0	3
1.224744871391589
0.
1	2	0	1
-0.7071067811865475	0.	0.
0.	1.	0.
0	3	-1	2
1.	0.
0	1	-1	2
1.	0.
0.	0.
0.	1.4142135623730951
-1	2	-2	1
0.
1.
# GS energy in absolute units:
e
0.
# Irreducible matrix elements for other operators:
# Discretization tables:
z
76
0.60043586583444724181
0.51183904896150576442
0.36659188560903632963
0.22819238087995471176
0.14229819890221705949
0.089848649514857467515
0.056839529773931223832
0.035955944397972420399
0.022742723819968773665
0.014384342113552437356
0.0090976062783593131547
0.0057538695127886048643
0.0036390762676210811231
0.0023015563643702248649
0.0014556326743588999336
0.00092062309423841424637
0.00058225320852202026033
0.00036824927280588791475
0.00023290129229135215545
0.00014729971136950170608
0.000093160517485031080405
0.000058919884691618809721
0.000037264207030395881893
0.000023567953885851891702
0.000014905682814486894316
9.4271815549298362992e-6
5.962273125943784394e-6
3.7708726220096356161e-6
2.3849092503870514644e-6
1.5083490488062671166e-6
9.53963700155430999e-7
6.0333961952266127033e-7
3.8158548006221146605e-7
2.4133584780907439125e-7
1.5263419202488708667e-7
9.6534339123630389019e-8
6.1053676809954994685e-8
3.8613735649452196089e-8
2.4421470723982008115e-8
1.5445494259780881026e-8
9.7685882895928039014e-9
6.1781977039123525763e-9
3.9074353158371216025e-9
2.4712790815649410412e-9
1.5629741263348486437e-9
9.8851163262597641714e-10
6.2518965053393945765e-10
3.954046530503905669e-10
2.5007586021357578307e-10
1.5816186122015622676e-10
1.0003034408543031323e-10
6.3264744488062490705e-11
4.0012137634172125291e-11
2.5305897795224996282e-11
1.6004855053668850117e-11
1.0122359118089998513e-11
6.4019420214675400466e-12
4.0489436472359994051e-12
2.5607768085870160187e-12
1.6195774588943997621e-12
1.0243107234348064075e-12
6.4783098355775990482e-13
4.0972428937392256298e-13
2.5913239342310396193e-13
1.6388971574956902519e-13
1.0365295736924158477e-13
6.5555886299827610077e-14
4.1461182947696633909e-14
2.6222354519931044031e-14
1.6584473179078653563e-14
1.0488941807972417612e-14
6.6337892716314614254e-15
4.195576723188967045e-15
2.6535157086525845701e-15
1.678230689275586818e-15
1.0614062834610338281e-15
6.7129227571023472719e-16
76
0.e-999
0.e-998
0.e-997
0.e-997
0.e-996
0.e-995
0.e-994
0.e-993
0.e-992
0.e-991
0.e-991
0.e-990
0.e-989
0.e-988
0.e-987
0.e-986
0.e-985
0.e-985
0.e-984
0.e-983
0.e-982
0.e-981
0.e-980
0.e-979
0.e-978
0.e-978
0.e-977
0.e-976
0.e-975
0.e-974
0.e-973
0.e-972
0.e-972
0.e-971
0.e-970
0.e-969
0.e-968
0.e-967
0.e-966
0.e-965
0.e-965
0.e-964
0.e-963
0.e-962
0.e-961
0.e-960
0.e-959
0.e-959
0.e-958
0.e-957
0.e-956
0.e-955
0.e-954
0.e-953
0.e-952
0.e-952
0.e-951
0.e-950
0.e-949
0.e-948
0.e-947
0.e-946
0.e-946
0.e-945
0.e-944
0.e-943
0.e-942
0.e-941
0.e-940
0.e-939
0.e-939
0.e-938
0.e-937
0.e-936
0.e-923
0.e-894
0.e-864
