#               T           <Sz^2>              <Q>            <Q^2>              <E>            <E^2>                C                F                S 
       1.40475952     0.2522243452  1.412473974e-17     0.9911026191    0.01747995341  0.0006221688897  0.0003166201184     -2.754950434      2.772430387 
     0.8884479293      0.352010524  1.101477521e-17      1.379910561      0.938883702       1.29060876     0.4091061536     -3.003640712      3.942524414 
     0.5619038078       0.41384628  2.077524211e-16      1.610922853      1.149874851      2.572509272      1.250297099     -3.607490521      4.757365372 
     0.3553791717     0.4325892974  6.515190199e-16      1.660125607      1.852339535      5.678531154        2.2473694     -3.239913318      5.092252853 
     0.2247615231     0.4345371175 -1.608420517e-15      1.627362945      1.546420157      5.051853886      2.660438584     -3.555683833      5.102103991 
     0.1421516687     0.4382082582 -5.392705812e-15      1.578747554      1.933497724       6.39203216      2.653618713      -3.10592349      5.039421214 
    0.08990460925      0.449642614 -9.028177684e-15      1.527435845      1.594108869      5.150943425      2.609760339     -3.399812827      4.993921696 
    0.05686066748     0.4672198033 -1.073387795e-14      1.455501832      2.027329699      6.804675986       2.69461028     -2.917050266      4.944379965 
     0.0359618437     0.4908903031 -1.428680655e-14      1.362210149      1.667114227      5.613427673      2.834157825     -3.168785133      4.835899361 
    0.02274426699     0.5155789292 -1.629995062e-14      1.262058192      1.988736873      6.921272698      2.966198347     -2.675166959      4.663903833 
    0.01438473748     0.5332229984  -1.85224432e-14      1.192832278      1.494168131      5.108614262      2.876075858     -2.976927164      4.471095295 
   0.009097706796     0.5395315257 -2.138537398e-14       1.16624413      1.791580406      5.864104121      2.654343769     -2.574027187      4.365607594 
   0.005753894992     0.5406861687 -2.294845084e-14       1.16305543      1.391565254      4.475932512      2.539478658     -2.946656009      4.338221263 
   0.003639082718     0.5405621125 -2.384389936e-14       1.16224845      1.769548017      5.667387842      2.536087657     -2.569974548      4.339522565 
   0.002301557997     0.5407319257 -2.215986054e-14      1.162927703      1.390341344      4.462459714      2.529410661     -2.946510507      4.336851851 
   0.001455633087     0.5405621617 -2.470948341e-14      1.162248647      1.769548364      5.667392436      2.536091025     -2.569974876       4.33952324 
  0.0009206231987     0.5407319336 -2.535987977e-14      1.162927735      1.390341368      4.462459756      2.529410635     -2.946510558      4.336851926 
   0.000582253235     0.5405621645  -2.64958435e-14      1.162248658      1.769548349      5.667392367      2.536091007     -2.569974916      4.339523265 
  0.0003682492795     0.5407319344 -2.787208045e-14      1.162927737      1.390341368      4.462459744      2.529410623     -2.946510563      4.336851932 
   0.000232901294     0.5405621647 -3.033344172e-14      1.162248659      1.769548345      5.667392345      2.536090999     -2.569974921      4.339523266 
  0.0001472997118     0.5407319344 -3.147290803e-14      1.162927737      1.390341367      4.462459738       2.52941062     -2.946510564      4.336851931 
  9.316051759e-05     0.5405621647  -3.27116087e-14      1.162248659      1.769548344      5.667392339      2.536090997     -2.569974921      4.339523266 
  5.891988472e-05     0.5407319343 -3.182672412e-14      1.162927737      1.390341367      4.462459735      2.529410619     -2.946510563       4.33685193 
  3.726420704e-05     0.5405621647 -3.215926646e-14      1.162248659      1.769548344      5.667392337      2.536090996     -2.569974921      4.339523265 
  2.356795389e-05     0.5407319343 -3.083203983e-14      1.162927737      1.390341367      4.462459734      2.529410618     -2.946510563       4.33685193 
  1.490568281e-05     0.5405621647 -3.185101862e-14      1.162248659      1.769548344      5.667392336      2.536090996     -2.569974921      4.339523265 
  9.427181555e-06     0.5407319343 -3.058643952e-14      1.162927737      1.390341367      4.462459734      2.529410618     -2.946510563       4.33685193 
  5.962273126e-06     0.5405621646 -3.341143139e-14      1.162248659      1.769548344      5.667392336      2.536090996     -2.569974921      4.339523265 
  3.770872622e-06     0.5407319343 -3.237996793e-14      1.162927737      1.390341367      4.462459734      2.529410618     -2.946510563       4.33685193 
   2.38490925e-06     0.5405621646 -3.380499468e-14      1.162248659      1.769548344      5.667392336      2.536090996     -2.569974921      4.339523265 
  1.508349049e-06     0.5407319343 -3.390418976e-14      1.162927737      1.390341367      4.462459734      2.529410618     -2.946510563       4.33685193 
  9.539637002e-07     0.5405621646 -3.784605006e-14      1.162248659      1.769548343      5.667392335      2.536090996     -2.569974921      4.339523265 
  6.033396195e-07     0.5407319343 -3.844390959e-14      1.162927737      1.390341367      4.462459734      2.529410618     -2.946510563       4.33685193 
  3.815854801e-07     0.5405621646 -4.063853935e-14      1.162248659      1.769548343      5.667392335      2.536090995     -2.569974921      4.339523265 
  2.413358478e-07     0.5407319343 -3.892155582e-14      1.162927737      1.390341367      4.462459734      2.529410618     -2.946510563       4.33685193 
   1.52634192e-07     0.5405621646  -3.86499748e-14      1.162248659      1.769548343      5.667392335      2.536090995     -2.569974921      4.339523265 
  9.653433912e-08     0.5407319343 -3.646403946e-14      1.162927737      1.390341367      4.462459734      2.529410618     -2.946510563       4.33685193 
  6.105367681e-08     0.5405621646 -4.067458833e-14      1.162248659      1.769548343      5.667392335      2.536090995     -2.569974921      4.339523265 
  3.861373565e-08     0.5407319343  -4.25224432e-14      1.162927737      1.390341367      4.462459734      2.529410618     -2.946510563       4.33685193 
  2.442147072e-08     0.5405621646 -4.672532617e-14      1.162248659      1.769548343      5.667392335      2.536090995     -2.569974921      4.339523265 
  1.544549426e-08     0.5407319343 -4.606324629e-14      1.162927737      1.390341367      4.462459734      2.529410618     -2.946510563       4.33685193 
   9.76858829e-09     0.5405621646 -4.872291502e-14      1.162248659      1.769548343      5.667392335      2.536090995     -2.569974921      4.339523265 
  6.178197704e-09     0.5407319343 -4.601491833e-14      1.162927737      1.390341367      4.462459734      2.529410618     -2.946510563       4.33685193 
  3.907435316e-09     0.5405621646  -4.90273628e-14      1.162248659      1.769548343      5.667392335      2.536090995     -2.569974921      4.339523265 
  2.471279082e-09     0.5407319343 -4.703084603e-14      1.162927737      1.390341367      4.462459734      2.529410618     -2.946510563       4.33685193 
  1.562974126e-09     0.5405621646 -4.524813405e-14      1.162248659      1.769548343      5.667392335      2.536090995     -2.569974921      4.339523265 
  9.885116326e-10     0.5407319343 -4.122170702e-14      1.162927737      1.390341367      4.462459734      2.529410618     -2.946510563       4.33685193 
  6.251896505e-10     0.5405621646 -4.214358803e-14      1.162248659      1.769548343      5.667392335      2.536090995     -2.569974921      4.339523265 
  3.954046531e-10     0.5407319343 -4.110011624e-14      1.162927737      1.390341367      4.462459734      2.529410618     -2.946510563       4.33685193 
  2.500758602e-10     0.5405621646 -4.379628104e-14      1.162248659      1.769548343      5.667392335      2.536090995     -2.569974921      4.339523265 
  1.581618612e-10     0.5407319343 -4.182701154e-14      1.162927737      1.390341367      4.462459734      2.529410618     -2.946510563       4.33685193 
  1.000303441e-10     0.5405621646 -4.408212061e-14      1.162248659      1.769548343      5.667392335      2.536090995     -2.569974921      4.339523265 
  6.326474449e-11     0.5407319343 -4.251246071e-14      1.162927737      1.390341367      4.462459734      2.529410618     -2.946510563       4.33685193 
  4.001213763e-11     0.5405621646 -4.315301843e-14      1.162248659      1.769548343      5.667392335      2.536090995     -2.569974921      4.339523265 
   2.53058978e-11     0.5407319343 -4.239748981e-14      1.162927737      1.390341367      4.462459734      2.529410618     -2.946510563       4.33685193 
  1.600485505e-11     0.5405621646 -4.520694693e-14      1.162248659      1.769548343      5.667392335      2.536090995     -2.569974921      4.339523265 
  1.012235912e-11     0.5407319343 -4.554227758e-14      1.162927737      1.390341367      4.462459734      2.529410618     -2.946510563       4.33685193 
  6.401942021e-12     0.5405621646 -5.051485663e-14      1.162248659      1.769548343      5.667392335      2.536090995     -2.569974921      4.339523265 
  4.048943647e-12     0.5407319343 -5.020773808e-14      1.162927737      1.390341367      4.462459734      2.529410618     -2.946510563       4.33685193 
  2.560776809e-12     0.5405621646  -5.24559798e-14      1.162248659      1.769548343      5.667392335      2.536090995     -2.569974921      4.339523265 
  1.619577459e-12     0.5407319343 -5.022166545e-14      1.162927737      1.390341367      4.462459734      2.529410618     -2.946510563       4.33685193 
  1.024310723e-12     0.5405621646 -5.084798769e-14      1.162248659      1.769548343      5.667392335      2.536090995     -2.569974921      4.339523265 
  6.478309836e-13     0.5407319343 -4.781905563e-14      1.162927737      1.390341367      4.462459734      2.529410618     -2.946510563       4.33685193 
  4.097242894e-13     0.5405621646 -5.113289268e-14      1.162248659      1.769548343      5.667392335      2.536090995     -2.569974921      4.339523265 
  2.591323934e-13     0.5407319343 -5.313999362e-14      1.162927737      1.390341367      4.462459734      2.529410618     -2.946510563       4.33685193 
  1.638897157e-13     0.5405621646 -5.591353161e-14      1.162248659      1.769548343      5.667392335      2.536090995     -2.569974921      4.339523265 
  1.036529574e-13     0.5407319343 -5.534089506e-14      1.162927737      1.390341367      4.462459734      2.529410618     -2.946510563       4.33685193 
   6.55558863e-14     0.5405621646 -5.800027485e-14      1.162248659      1.769548343      5.667392335      2.536090995     -2.569974921      4.339523265 
  4.146118295e-14     0.5407319343 -5.488050037e-14      1.162927737      1.390341367      4.462459734      2.529410618     -2.946510563       4.33685193 
  2.622235452e-14     0.5405621646 -5.591563417e-14      1.162248659      1.769548343      5.667392335      2.536090995     -2.569974921      4.339523265 
  1.658447318e-14     0.5407319343 -4.991368312e-14      1.162927737      1.390341367      4.462459734      2.529410618     -2.946510563       4.33685193 
  1.048894181e-14     0.5405621646 -4.748776142e-14      1.162248659      1.769548343      5.667392335      2.536090995     -2.569974921      4.339523265 
  6.633789272e-15     0.5407319343 -4.092356197e-14      1.162927737      1.390341367      4.462459734      2.529410618     -2.946510563       4.33685193 
  4.195576723e-15     0.5405621646 -4.036006392e-14      1.162248659      1.769548343      5.667392335      2.536090995     -2.569974921      4.339523265 
  2.653515709e-15     0.5407319343  -3.58383628e-14      1.162927737      1.390341367      4.462459734      2.529410618     -2.946510563       4.33685193 
  1.678230689e-15     0.5405621646 -3.317008681e-14      1.162248659      1.769548343      5.667392335      2.536090995     -2.569974921      4.339523265 
  1.061406283e-15     0.5407319343 -2.827366501e-14      1.162927737      1.390341367      4.462459734      2.529410618     -2.946510563       4.33685193 
