#               T           <Sz^2>              <Q>            <Q^2>              <E>            <E^2>                C                F                S 
      1.035351843            0.125                0              0.5                0                0                0     -1.386294361      1.386294361 
     0.6548140008     0.2138576057 -1.259091728e-17     0.8554304229     0.9924373681      1.533284765     0.5483528352      -1.48360822      2.476045588 
     0.4141407372     0.2705964619  1.019255485e-16      1.082385847      1.087910289      2.560430954      1.376882156     -2.164930016      3.252840305 
     0.2619256003     0.2878625141  1.582102453e-16      1.151450056      1.726216363      5.229068091      2.249245161     -1.857679987      3.583896349 
     0.1656562949     0.2904231779 -7.319824706e-16      1.161692711      1.388423272      4.446974302       2.51925512     -2.251137148       3.63956042 
     0.1047702401      0.290444227 -2.351891628e-16      1.161776908      1.770612021      5.676561368       2.54149444     -1.875020991      3.645633012 
    0.06626251796     0.2907035687  -3.37785562e-16      1.162814275      1.390849306      4.470863038      2.536401245     -2.253084148      3.643933455 
    0.04190809605     0.2905508166 -1.506892748e-15      1.162203266      1.770021163      5.673254398       2.54027948     -1.876567993      3.646589156 
    0.02650500718     0.2907399187 -3.112282027e-15      1.162959675      1.390889502      4.470195078      2.535621471      -2.25336401      3.644253512 
    0.01676323842     0.2905678762 -2.993699548e-15      1.162271505      1.769926264      5.672715714      2.540076734     -1.876815625      3.646741889 
    0.01060200287     0.2907458854 -1.561626972e-15      1.162983542      1.390900993      4.470169128      2.535563555     -2.253409252      3.644310246 
   0.006705295368     0.2905706065 -1.363892345e-15      1.162282426      1.769911088      5.672629594      2.540044334      -1.87685525      3.646766338 
   0.004240801149     0.2907468401  3.000457521e-16      1.162987361      1.390902831      4.470164967      2.535554283     -2.253416492      3.644319323 
   0.002682118147     0.2905710432 -4.972429447e-16      1.162284173      1.769908659       5.67261581      2.540039148     -1.876861589      3.646770248 
    0.00169632046     0.2907469928 -2.418552054e-15      1.162987971      1.390903124      4.470164299      2.535552799      -2.25341765      3.644320774 
   0.001072847259      0.290571113 -1.887781304e-15      1.162284452      1.769908271      5.672613604      2.540038317     -1.876862603      3.646770873 
  0.0006785281839     0.2907470172 -1.089261178e-15      1.162988069      1.390903171      4.470164191      2.535552561     -2.253417835      3.644321006 
  0.0004291389035     0.2905711242 -1.267208758e-15      1.162284497      1.769908208       5.67261325      2.540038184     -1.876862765      3.646770973 
  0.0002714112736     0.2907470211   2.45727077e-16      1.162988085      1.390903178      4.470164174      2.535552523     -2.253417865      3.644321043 
  0.0001716555614      0.290571126 -1.471212514e-15      1.162284504      1.769908198      5.672613193      2.540038163     -1.876862791      3.646770989 
  0.0001085645094     0.2907470218 -4.343335433e-15      1.162988087      1.390903179      4.470164171      2.535552517      -2.25341787      3.644321049 
  6.866222457e-05     0.2905711263 -3.547749813e-15      1.162284505      1.769908197      5.672613184      2.540038159     -1.876862795      3.646770992 
  4.342580377e-05     0.2907470219 -1.487874176e-15      1.162988087       1.39090318       4.47016417      2.535552516      -2.25341787       3.64432105 
  2.746488983e-05     0.2905711263 -1.332305884e-15      1.162284505      1.769908196      5.672613182      2.540038159     -1.876862796      3.646770992 
  1.737032151e-05     0.2907470219  1.140016774e-15      1.162988088       1.39090318       4.47016417      2.535552515      -2.25341787       3.64432105 
  1.098595593e-05     0.2905711263  3.334089321e-15      1.162284505      1.769908196      5.672613182      2.540038159     -1.876862796      3.646770992 
  6.948128603e-06     0.2907470219  3.203579577e-15      1.162988088       1.39090318       4.47016417      2.535552515      -2.25341787       3.64432105 
  4.394382372e-06     0.2905711263  1.867456746e-16      1.162284505      1.769908196      5.672613182      2.540038159     -1.876862796      3.646770992 
  2.779251441e-06     0.2907470219 -2.361029699e-15      1.162988088       1.39090318       4.47016417      2.535552515      -2.25341787       3.64432105 
  1.757752949e-06     0.2905711263  8.382457902e-16      1.162284505      1.769908196      5.672613182      2.540038159     -1.876862796      3.646770992 
  1.111700576e-06     0.2907470219  3.896089519e-15      1.162988088       1.39090318       4.47016417      2.535552515      -2.25341787       3.64432105 
  7.031011796e-07     0.2905711263  6.518977414e-15      1.162284505      1.769908196      5.672613182      2.540038159     -1.876862796      3.646770992 
  4.446802306e-07     0.2907470219  7.366916652e-15      1.162988088       1.39090318       4.47016417      2.535552515      -2.25341787       3.64432105 
  2.812404718e-07     0.2905711263  4.467625847e-15      1.162284505      1.769908196      5.672613182      2.540038159     -1.876862796      3.646770992 
  1.778720922e-07     0.2907470219  3.901943966e-15      1.162988088       1.39090318       4.47016417      2.535552515      -2.25341787       3.64432105 
  1.124961887e-07     0.2905711263  4.914461453e-15      1.162284505      1.769908196      5.672613182      2.540038159     -1.876862796      3.646770992 
  7.114883689e-08     0.2907470219  7.835535528e-15      1.162988088       1.39090318       4.47016417      2.535552515      -2.25341787       3.64432105 
  4.499847549e-08     0.2905711263  1.194112777e-14      1.162284505      1.769908196      5.672613182      2.540038159     -1.876862796      3.646770992 
  2.845953476e-08     0.2907470219  1.576371925e-14      1.162988088       1.39090318       4.47016417      2.535552515      -2.25341787       3.64432105 
   1.79993902e-08     0.2905711263  1.749967152e-14      1.162284505      1.769908196      5.672613182      2.540038159     -1.876862796      3.646770992 
   1.13838139e-08     0.2907470219  1.744645415e-14      1.162988088       1.39090318       4.47016417      2.535552515      -2.25341787       3.64432105 
  7.199756079e-09     0.2905711263  1.919237308e-14      1.162284505      1.769908196      5.672613182      2.540038159     -1.876862796      3.646770992 
  4.553525561e-09     0.2907470219  2.190392138e-14      1.162988088       1.39090318       4.47016417      2.535552515      -2.25341787       3.64432105 
  2.879902431e-09     0.2905711263  2.326712935e-14      1.162284505      1.769908196      5.672613182      2.540038159     -1.876862796      3.646770992 
  1.821410225e-09     0.2907470219  2.639693531e-14      1.162988088       1.39090318       4.47016417      2.535552515      -2.25341787       3.64432105 
  1.151960973e-09     0.2905711263  2.741948308e-14      1.162284505      1.769908196      5.672613182      2.540038159     -1.876862796      3.646770992 
  7.285640898e-10     0.2907470219  3.170182014e-14      1.162988088       1.39090318       4.47016417      2.535552515      -2.25341787       3.64432105 
   4.60784389e-10     0.2905711263  3.817568324e-14      1.162284505      1.769908196      5.672613182      2.540038159     -1.876862796      3.646770992 
  2.914256359e-10     0.2907470219  4.276972622e-14      1.162988088       1.39090318       4.47016417      2.535552515      -2.25341787       3.64432105 
  1.843137556e-10     0.2905711263   4.39136036e-14      1.162284505      1.769908196      5.672613182      2.540038159     -1.876862796      3.646770992 
  1.165702544e-10     0.2907470219  4.518848399e-14      1.162988088       1.39090318       4.47016417      2.535552515      -2.25341787       3.64432105 
  7.372550225e-11     0.2905711263  4.689694253e-14      1.162284505      1.769908196      5.672613182      2.540038159     -1.876862796      3.646770992 
  4.662810175e-11     0.2907470219  4.922608544e-14      1.162988088       1.39090318       4.47016417      2.535552515      -2.25341787       3.64432105 
   2.94902009e-11     0.2905711263  4.964574808e-14      1.162284505      1.769908196      5.672613182      2.540038159     -1.876862796      3.646770992 
   1.86512407e-11     0.2907470219   5.09843677e-14      1.162988088       1.39090318       4.47016417      2.535552515      -2.25341787       3.64432105 
  1.179608036e-11     0.2905711263  5.013907225e-14      1.162284505      1.769908196      5.672613182      2.540038159     -1.876862796      3.646770992 
   7.46049628e-12     0.2907470219  5.109816994e-14      1.162988088       1.39090318       4.47016417      2.535552515      -2.25341787       3.64432105 
  4.718432144e-12     0.2905711263  5.459627384e-14      1.162284505      1.769908196      5.672613182      2.540038159     -1.876862796      3.646770992 
  2.984198512e-12     0.2907470219  5.717008892e-14      1.162988088       1.39090318       4.47016417      2.535552515      -2.25341787       3.64432105 
  1.887372857e-12     0.2905711263  6.414157652e-14      1.162284505      1.769908196      5.672613182      2.540038159     -1.876862796      3.646770992 
  1.193679405e-12     0.2907470219  7.285928963e-14      1.162988088       1.39090318       4.47016417      2.535552515      -2.25341787       3.64432105 
   7.54949143e-13     0.2905711263  7.689760752e-14      1.162284505      1.769908196      5.672613182      2.540038159     -1.876862796      3.646770992 
  4.774717619e-13     0.2907470219  7.880024132e-14      1.162988088       1.39090318       4.47016417      2.535552515      -2.25341787       3.64432105 
  3.019796572e-13     0.2905711263  7.424959988e-14      1.162284505      1.769908196      5.672613182      2.540038159     -1.876862796      3.646770992 
  1.909887048e-13     0.2907470219  7.231120398e-14      1.162988088       1.39090318       4.47016417      2.535552515      -2.25341787       3.64432105 
  1.207918629e-13     0.2905711263   6.32291266e-14      1.162284505      1.769908196      5.672613182      2.540038159     -1.876862796      3.646770992 
   7.63954819e-14     0.2907470219   5.52868159e-14      1.162988088       1.39090318       4.47016417      2.535552515      -2.25341787       3.64432105 
  4.831674515e-14     0.2905711263  5.204315705e-14      1.162284505      1.769908196      5.672613182      2.540038159     -1.876862796      3.646770992 
  3.055819276e-14     0.2907470219  5.584758288e-14      1.162988088       1.39090318       4.47016417      2.535552515      -2.25341787       3.64432105 
  1.932669806e-14     0.2905711263  6.037186934e-14      1.162284505      1.769908196      5.672613182      2.540038159     -1.876862796      3.646770992 
   1.22232771e-14     0.2907470219  6.338152474e-14      1.162988088       1.39090318       4.47016417      2.535552515      -2.25341787       3.64432105 
  7.730679224e-15     0.2905711263  6.589292828e-14      1.162284505      1.769908196      5.672613182      2.540038159     -1.876862796      3.646770992 
  4.889310842e-15     0.2907470219   6.81262458e-14      1.162988088       1.39090318       4.47016417      2.535552515      -2.25341787       3.64432105 
   3.09227169e-15     0.2905711263  7.402390327e-14      1.162284505      1.769908196      5.672613182      2.540038159     -1.876862796      3.646770992 
  1.955724337e-15     0.2907470219   7.89745602e-14      1.162988088       1.39090318       4.47016417      2.535552515      -2.25341787       3.64432105 
  1.236908676e-15     0.2905711263  8.249368949e-14      1.162284505      1.769908196      5.672613182      2.540038159     -1.876862796      3.646770992 
