#               T           <Sz^2>              <Q>            <Q^2>              <E>            <E^2>                C                F                S 
      1.020139447            0.125                0              0.5                0                0                0     -1.386294361      1.386294361 
     0.7213475204     0.2174308635  1.190184131e-17      0.869723454     0.9661702869      1.430469854     0.4969848308     -1.539890804      2.506061091 
     0.5100697233     0.2890607166    4.9430259e-17      1.156242866      1.112039538      2.422102919      1.185470984     -2.313245734      3.425285272 
     0.3606737602     0.3292913665  4.585747681e-17      1.317165466      1.872251553      5.591740777        2.0864149     -2.154655393      4.026906946 
     0.2550348616     0.3451820144  1.049127362e-15      1.380728058      1.745166209      5.878440258       2.83283516     -2.572596099      4.317762308 
     0.1803368801     0.3487540445  3.131079397e-15      1.395016178      2.146658148      7.775811215      3.167670012     -2.254844612       4.40150276 
     0.1275174308     0.3494241301    2.8536743e-15       1.39769652      1.820668911      6.543757872      3.228922587     -2.594404612      4.415073524 
    0.09016844006     0.3494661979  4.587674097e-15      1.397864792      2.151926213      7.849200072      3.218413646     -2.262932442      4.414858655 
    0.06375871541     0.3496616348  3.158085243e-15      1.398646539      1.820706402      6.540705266      3.225733466     -2.596500186      4.417206587 
    0.04508422003     0.3495883724  3.978211159e-15       1.39835349      2.151237213      7.844438566      3.216617019     -2.264687981      4.415925195 
    0.03187935771     0.3497212132  3.995848528e-15      1.398884853      1.820713852      6.539922376      3.224923444     -2.597026621      4.417740473 
    0.02254211001     0.3496189346  3.411781912e-15      1.398475739      2.151064683      7.843243834      3.216164563     -2.265126963      4.416191646 
    0.01593967885     0.3497361146 -5.526586869e-17      1.398944458      1.820715524      6.539724928       3.22471991     -2.597158359      4.417873883 
    0.01127105501      0.349626574 -4.366046112e-15      1.398506296      2.151021509      7.842944698      3.216051168     -2.265236701       4.41625821 
   0.007969839427     0.3497398391  -5.49288787e-15      1.398959357      1.820715918      6.539675389      3.224668934     -2.597191295      4.417907213 
   0.005635527503      0.349628483 -7.554495169e-15      1.398513932      2.151010707      7.842869852       3.21602279     -2.265264131      4.416274838 
   0.003984919713     0.3497407698 -7.833397363e-15      1.398963079      1.820716012      6.539662976      3.224656178     -2.597199527      4.417915539 
   0.002817763752       0.34962896 -9.298713167e-15       1.39851584      2.151008004      7.842851125       3.21601569     -2.265270986       4.41627899 
   0.001992459857     0.3497410023 -8.079274869e-15      1.398964009      1.820716034      6.539659863      3.224652987     -2.597201583      4.417917617 
   0.001408881876     0.3496290791  -7.99795868e-15      1.398516316      2.151007328      7.842846438      3.216013914     -2.265272699      4.416280027 
  0.0009962299283     0.3497410603 -6.740885374e-15      1.398964241      1.820716039      6.539659082      3.224652188     -2.597202097      4.417918136 
  0.0007044409379     0.3496291088 -6.656859692e-15      1.398516435      2.151007158      7.842845264      3.216013469     -2.265273126      4.416280285 
  0.0004981149642     0.3497410747 -7.655539537e-15      1.398964299       1.82071604      6.539658884      3.224651987     -2.597202225      4.417918265 
   0.000352220469     0.3496291162 -8.400539629e-15      1.398516465      2.151007116      7.842844969      3.216013357     -2.265273233      4.416280349 
  0.0002490574821     0.3497410783 -8.007320358e-15      1.398964313       1.82071604      6.539658834      3.224651937     -2.597202257      4.417918296 
  0.0001761102345      0.349629118 -7.549766966e-15      1.398516472      2.151007105      7.842844894      3.216013329      -2.26527326      4.416280365 
   0.000124528741     0.3497410792 -8.969403649e-15      1.398964317       1.82071604      6.539658821      3.224651924     -2.597202265      4.417918304 
  8.805511724e-05     0.3496291184 -1.053064412e-14      1.398516474      2.151007102      7.842844875      3.216013322     -2.265273266      4.416280368 
  6.226437052e-05     0.3497410794 -1.288678101e-14      1.398964318      1.820716039      6.539658817      3.224651921     -2.597202267      4.417918306 
  4.402755862e-05     0.3496291185 -1.385313126e-14      1.398516474      2.151007101       7.84284487       3.21601332     -2.265273268      4.416280369 
  3.113218526e-05     0.3497410795 -1.546116226e-14      1.398964318      1.820716039      6.539658816       3.22465192     -2.597202267      4.417918307 
  2.201377931e-05     0.3496291186 -1.655395897e-14      1.398516474      2.151007101      7.842844869       3.21601332     -2.265273268      4.416280369 
  1.556609263e-05     0.3497410795 -1.835876823e-14      1.398964318      1.820716039      6.539658816       3.22465192     -2.597202267      4.417918307 
  1.100688966e-05     0.3496291186  -1.92974626e-14      1.398516474      2.151007101      7.842844869       3.21601332     -2.265273268      4.416280369 
  7.783046315e-06     0.3497410795 -1.533093362e-14      1.398964318      1.820716039      6.539658816       3.22465192     -2.597202267      4.417918307 
  5.503444828e-06     0.3496291186 -1.386121177e-14      1.398516474      2.151007101      7.842844869       3.21601332     -2.265273268      4.416280369 
  3.891523157e-06     0.3497410795 -1.299351249e-14      1.398964318      1.820716039      6.539658816       3.22465192     -2.597202267      4.417918307 
  2.751722414e-06     0.3496291186 -1.240892491e-14      1.398516474      2.151007101      7.842844869       3.21601332     -2.265273268      4.416280369 
  1.945761579e-06     0.3497410795 -1.076744395e-14      1.398964318      1.820716039      6.539658816       3.22465192     -2.597202267      4.417918307 
  1.375861207e-06     0.3496291186 -1.134691116e-14      1.398516474      2.151007101      7.842844869       3.21601332     -2.265273268      4.416280369 
  9.728807894e-07     0.3497410795 -1.124693819e-14      1.398964318      1.820716039      6.539658816       3.22465192     -2.597202267      4.417918307 
  6.879306035e-07     0.3496291186 -1.539506907e-14      1.398516474      2.151007101      7.842844869       3.21601332     -2.265273268      4.416280369 
  4.864403947e-07     0.3497410795 -2.003912491e-14      1.398964318      1.820716039      6.539658816       3.22465192     -2.597202267      4.417918307 
  3.439653017e-07     0.3496291186 -2.448125923e-14      1.398516474      2.151007101      7.842844869       3.21601332     -2.265273268      4.416280369 
  2.432201973e-07     0.3497410795 -2.742891145e-14      1.398964318      1.820716039      6.539658816       3.22465192     -2.597202267      4.417918307 
  1.719826509e-07     0.3496291186 -2.897443068e-14      1.398516474      2.151007101      7.842844869       3.21601332     -2.265273268      4.416280369 
  1.216100987e-07     0.3497410795 -3.123699343e-14      1.398964318      1.820716039      6.539658816       3.22465192     -2.597202267      4.417918307 
  8.599132543e-08     0.3496291186  -3.26460456e-14      1.398516474      2.151007101      7.842844869       3.21601332     -2.265273268      4.416280369 
  6.080504934e-08     0.3497410795 -3.483592466e-14      1.398964318      1.820716039      6.539658816       3.22465192     -2.597202267      4.417918307 
  4.299566272e-08     0.3496291186 -3.409072462e-14      1.398516474      2.151007101      7.842844869       3.21601332     -2.265273268      4.416280369 
  3.040252467e-08     0.3497410795 -3.568987546e-14      1.398964318      1.820716039      6.539658816       3.22465192     -2.597202267      4.417918307 
  2.149783136e-08     0.3496291186 -3.811500113e-14      1.398516474      2.151007101      7.842844869       3.21601332     -2.265273268      4.416280369 
  1.520126233e-08     0.3497410795 -4.258877348e-14      1.398964318      1.820716039      6.539658816       3.22465192     -2.597202267      4.417918307 
  1.074891568e-08     0.3496291186 -4.814591377e-14      1.398516474      2.151007101      7.842844869       3.21601332     -2.265273268      4.416280369 
  7.600631167e-09     0.3497410795 -5.222335119e-14      1.398964318      1.820716039      6.539658816       3.22465192     -2.597202267      4.417918307 
  5.374457839e-09     0.3496291186 -5.532444966e-14      1.398516474      2.151007101      7.842844869       3.21601332     -2.265273268      4.416280369 
  3.800315583e-09     0.3497410795 -5.703764208e-14      1.398964318      1.820716039      6.539658816       3.22465192     -2.597202267      4.417918307 
   2.68722892e-09     0.3496291186  -5.87581283e-14      1.398516474      2.151007101      7.842844869       3.21601332     -2.265273268      4.416280369 
  1.900157792e-09     0.3497410795 -6.031726714e-14      1.398964318      1.820716039      6.539658816       3.22465192     -2.597202267      4.417918307 
   1.34361446e-09     0.3496291186 -6.312703089e-14      1.398516474      2.151007101      7.842844869       3.21601332     -2.265273268      4.416280369 
  9.500788959e-10     0.3497410795 -6.635541293e-14      1.398964318      1.820716039      6.539658816       3.22465192     -2.597202267      4.417918307 
  6.718072299e-10     0.3496291186 -6.740657513e-14      1.398516474      2.151007101      7.842844869       3.21601332     -2.265273268      4.416280369 
  4.750394479e-10     0.3497410795 -7.094730551e-14      1.398964318      1.820716039      6.539658816       3.22465192     -2.597202267      4.417918307 
   3.35903615e-10     0.3496291186 -7.319213379e-14      1.398516474      2.151007101      7.842844869       3.21601332     -2.265273268      4.416280369 
   2.37519724e-10     0.3497410795 -7.690355343e-14      1.398964318      1.820716039      6.539658816       3.22465192     -2.597202267      4.417918307 
  1.679518075e-10     0.3496291186 -7.982963531e-14      1.398516474      2.151007101      7.842844869       3.21601332     -2.265273268      4.416280369 
   1.18759862e-10     0.3497410795 -8.215340681e-14      1.398964318      1.820716039      6.539658816       3.22465192     -2.597202267      4.417918307 
