#               T           <Sz^2>              <Q>            <Q^2>              <E>            <E^2>                C                F                S 
      1.035351843            0.125                0              0.5                0                0                0     -1.386294361      1.386294361 
     0.6548140008     0.2138576057 -1.259091728e-17     0.8554304229     0.9924373681      1.533284765     0.5483528352      -1.48360822      2.476045588 
     0.4141407372     0.2705964619  1.019255485e-16      1.082385847      1.087910289      2.560430954      1.376882156     -2.164930016      3.252840305 
     0.2619256003     0.2878625141  1.582102453e-16      1.151450056      1.726216363      5.229068091      2.249245161     -1.857679987      3.583896349 
     0.1656562949     0.2904231862  8.946592061e-16      1.161692745      1.388425479      4.447011327      2.519286015      -2.25113731       3.63956279 
     0.1047702401     0.2904449858  1.883270776e-15      1.161779943       1.77063419      5.676967258      2.541821824      -1.87502253       3.64565672 
    0.06626251796     0.2907048141   3.20035573e-15      1.162819256      1.390895904      4.471646167      2.537054751     -2.253087594      3.643983498 
    0.04190809605     0.2905516971 -1.780480268e-15      1.162206789      1.770052029      5.673813595      2.540729408     -1.876570203      3.646622232 
    0.02650500718     0.2907420931 -1.169537308e-14      1.162968372      1.390968801      4.471496666      2.536702461     -2.253370076      3.644338877 
    0.01676323842     0.2905687718 -1.265286981e-14      1.162275087      1.769957451      5.673278702      2.540529323     -1.876817891      3.646775343 
    0.01060200287     0.2907480677  -2.48816819e-14      1.162992271      1.390980481      4.471472706      2.536646007     -2.253415353      3.644395834 
   0.006705295368     0.2905715044 -1.883122312e-14      1.162286018      1.769942324      5.673193146      2.540497316     -1.876857526       3.64679985 
   0.004240801149     0.2907490239 -2.717344464e-14      1.162996096       1.39098235      4.471468872      2.536636973       -2.2534226       3.64440495 
   0.002682118147     0.2905719417 -2.121470844e-14      1.162287767      1.769939904      5.673179458      2.540492196     -1.876863867      3.646803771 
    0.00169632046     0.2907491769 -2.004586087e-14      1.162996708       1.39098265      4.471468258      2.536635527     -2.253423759      3.644406409 
   0.001072847259     0.2905720116 -1.841281972e-14      1.162288046      1.769939516      5.673177268      2.540491376     -1.876864882      3.646804398 
  0.0006785281839     0.2907492014 -1.894845898e-14      1.162996805      1.390982697       4.47146816      2.536635296     -2.253423945      3.644406642 
  0.0004291389035     0.2905720228 -1.239262593e-14      1.162288091      1.769939454      5.673176918      2.540491245     -1.876865044      3.646804499 
  0.0002714112736     0.2907492053 -8.951073164e-15      1.162996821      1.390982705      4.471468145      2.536635259     -2.253423974      3.644406679 
  0.0001716555614     0.2905720246 -8.964655166e-15      1.162288098      1.769939445      5.673176862      2.540491224      -1.87686507      3.646804515 
  0.0001085645094     0.2907492059  1.696279341e-15      1.162996824      1.390982706      4.471468142      2.536635253     -2.253423979      3.644406685 
  6.866222457e-05     0.2905720249  9.076439884e-15        1.1622881      1.769939443      5.673176853      2.540491221     -1.876865075      3.646804518 
  4.342580377e-05      0.290749206 -1.110977941e-14      1.162996824      1.390982706      4.471468142      2.536635252      -2.25342398      3.644406686 
  2.746488983e-05     0.2905720249 -1.432274193e-14        1.1622881      1.769939443      5.673176851       2.54049122     -1.876865075      3.646804518 
  1.737032151e-05      0.290749206 -1.696047681e-14      1.162996824      1.390982706      4.471468142      2.536635252      -2.25342398      3.644406686 
  1.098595593e-05     0.2905720249 -1.043232352e-14        1.1622881      1.769939443      5.673176851       2.54049122     -1.876865075      3.646804518 
  6.948128603e-06      0.290749206 -1.507413353e-15      1.162996824      1.390982706      4.471468142      2.536635252      -2.25342398      3.644406686 
  4.394382372e-06     0.2905720249  3.542799763e-15        1.1622881      1.769939443      5.673176851       2.54049122     -1.876865075      3.646804518 
  2.779251441e-06      0.290749206 -5.043124129e-15      1.162996824      1.390982706      4.471468142      2.536635252      -2.25342398      3.644406686 
  1.757752949e-06     0.2905720249 -1.532443909e-14        1.1622881      1.769939443      5.673176851       2.54049122     -1.876865075      3.646804518 
  1.111700576e-06      0.290749206 -4.484526452e-15      1.162996824      1.390982706      4.471468142      2.536635252      -2.25342398      3.644406686 
  7.031011796e-07     0.2905720249 -2.059796036e-15        1.1622881      1.769939443      5.673176851       2.54049122     -1.876865075      3.646804518 
  4.446802306e-07      0.290749206 -2.923316436e-14      1.162996824      1.390982706      4.471468142      2.536635252      -2.25342398      3.644406686 
  2.812404718e-07     0.2905720249 -3.887860731e-14        1.1622881      1.769939443      5.673176851       2.54049122     -1.876865075      3.646804518 
  1.778720922e-07      0.290749206 -2.585363967e-14      1.162996824      1.390982706      4.471468142      2.536635252      -2.25342398      3.644406686 
  1.124961887e-07     0.2905720249 -1.434599094e-14        1.1622881      1.769939443      5.673176851       2.54049122     -1.876865075      3.646804518 
  7.114883689e-08      0.290749206 -6.888297235e-15      1.162996824      1.390982706      4.471468142      2.536635252      -2.25342398      3.644406686 
  4.499847549e-08     0.2905720249 -6.487507734e-15        1.1622881      1.769939443      5.673176851       2.54049122     -1.876865075      3.646804518 
  2.845953476e-08      0.290749206  -3.17111497e-14      1.162996824      1.390982706      4.471468142      2.536635252      -2.25342398      3.644406686 
   1.79993902e-08     0.2905720249 -3.347783697e-14        1.1622881      1.769939443      5.673176851       2.54049122     -1.876865075      3.646804518 
   1.13838139e-08      0.290749206 -2.421373128e-14      1.162996824      1.390982706      4.471468142      2.536635252      -2.25342398      3.644406686 
  7.199756079e-09     0.2905720249 -2.110330806e-14        1.1622881      1.769939443      5.673176851       2.54049122     -1.876865075      3.646804518 
  4.553525561e-09      0.290749206 -8.592589101e-15      1.162996824      1.390982706      4.471468142      2.536635252      -2.25342398      3.644406686 
  2.879902431e-09     0.2905720249  7.328819297e-15        1.1622881      1.769939443      5.673176851       2.54049122     -1.876865075      3.646804518 
  1.821410225e-09      0.290749206 -7.926944788e-15      1.162996824      1.390982706      4.471468142      2.536635252      -2.25342398      3.644406686 
  1.151960973e-09     0.2905720249 -2.247390939e-14        1.1622881      1.769939443      5.673176851       2.54049122     -1.876865075      3.646804518 
  7.285640898e-10      0.290749206 -2.345938438e-14      1.162996824      1.390982706      4.471468142      2.536635252      -2.25342398      3.644406686 
   4.60784389e-10     0.2905720249 -1.838539021e-14        1.1622881      1.769939443      5.673176851       2.54049122     -1.876865075      3.646804518 
  2.914256359e-10      0.290749206 -2.932765682e-14      1.162996824      1.390982706      4.471468142      2.536635252      -2.25342398      3.644406686 
  1.843137556e-10     0.2905720249 -3.732349053e-14        1.1622881      1.769939443      5.673176851       2.54049122     -1.876865075      3.646804518 
  1.165702544e-10      0.290749206 -3.672827479e-14      1.162996824      1.390982706      4.471468142      2.536635252      -2.25342398      3.644406686 
  7.372550225e-11     0.2905720249 -4.839905736e-14        1.1622881      1.769939443      5.673176851       2.54049122     -1.876865075      3.646804518 
  4.662810175e-11      0.290749206 -5.424254753e-14      1.162996824      1.390982706      4.471468142      2.536635252      -2.25342398      3.644406686 
   2.94902009e-11     0.2905720249  -6.11126469e-14        1.1622881      1.769939443      5.673176851       2.54049122     -1.876865075      3.646804518 
   1.86512407e-11      0.290749206 -6.004382009e-14      1.162996824      1.390982706      4.471468142      2.536635252      -2.25342398      3.644406686 
  1.179608036e-11     0.2905720249 -5.942188904e-14        1.1622881      1.769939443      5.673176851       2.54049122     -1.876865075      3.646804518 
   7.46049628e-12      0.290749206    -6.398316e-14      1.162996824      1.390982706      4.471468142      2.536635252      -2.25342398      3.644406686 
  4.718432144e-12     0.2905720249 -5.170824679e-14        1.1622881      1.769939443      5.673176851       2.54049122     -1.876865075      3.646804518 
  2.984198512e-12      0.290749206 -4.570337881e-14      1.162996824      1.390982706      4.471468142      2.536635252      -2.25342398      3.644406686 
  1.887372857e-12     0.2905720249 -4.447489703e-14        1.1622881      1.769939443      5.673176851       2.54049122     -1.876865075      3.646804518 
  1.193679405e-12      0.290749206 -3.678662614e-14      1.162996824      1.390982706      4.471468142      2.536635252      -2.25342398      3.644406686 
   7.54949143e-13     0.2905720249 -2.944812148e-14        1.1622881      1.769939443      5.673176851       2.54049122     -1.876865075      3.646804518 
  4.774717619e-13      0.290749206 -3.939456588e-14      1.162996824      1.390982706      4.471468142      2.536635252      -2.25342398      3.644406686 
  3.019796572e-13     0.2905720249 -4.008724094e-14        1.1622881      1.769939443      5.673176851       2.54049122     -1.876865075      3.646804518 
  1.909887048e-13      0.290749206 -3.615369664e-14      1.162996824      1.390982706      4.471468142      2.536635252      -2.25342398      3.644406686 
  1.207918629e-13     0.2905720249 -4.088829687e-14        1.1622881      1.769939443      5.673176851       2.54049122     -1.876865075      3.646804518 
   7.63954819e-14      0.290749206  -3.29253232e-14      1.162996824      1.390982706      4.471468142      2.536635252      -2.25342398      3.644406686 
  4.831674515e-14     0.2905720249 -3.552368784e-14        1.1622881      1.769939443      5.673176851       2.54049122     -1.876865075      3.646804518 
  3.055819276e-14      0.290749206 -3.876930683e-14      1.162996824      1.390982706      4.471468142      2.536635252      -2.25342398      3.644406686 
  1.932669806e-14     0.2905720249  -4.19600663e-14        1.1622881      1.769939443      5.673176851       2.54049122     -1.876865075      3.646804518 
   1.22232771e-14      0.290749206  -3.80393315e-14      1.162996824      1.390982706      4.471468142      2.536635252      -2.25342398      3.644406686 
  7.730679224e-15     0.2905720249 -3.422536361e-14        1.1622881      1.769939443      5.673176851       2.54049122     -1.876865075      3.646804518 
  4.889310842e-15      0.290749206 -3.261114572e-14      1.162996824      1.390982706      4.471468142      2.536635252      -2.25342398      3.644406686 
   3.09227169e-15     0.2905720249 -3.507612943e-14        1.1622881      1.769939443      5.673176851       2.54049122     -1.876865075      3.646804518 
  1.955724337e-15      0.290749206 -4.038196855e-14      1.162996824      1.390982706      4.471468142      2.536635252      -2.25342398      3.644406686 
  1.236908676e-15     0.2905720249 -4.280340609e-14        1.1622881      1.769939443      5.673176851       2.54049122     -1.876865075      3.646804518 
  7.822897347e-16      0.290749206 -2.920914358e-14      1.162996824      1.390982706      4.471468142      2.536635252      -2.25342398      3.644406686 
  4.947634704e-16     0.2905720249 -2.651907138e-14        1.1622881      1.769939443      5.673176851       2.54049122     -1.876865075      3.646804518 
  3.129158939e-16      0.290749206 -2.641896593e-14      1.162996824      1.390982706      4.471468142      2.536635252      -2.25342398      3.644406686 
  1.979053881e-16     0.2905720249  -4.24740738e-14        1.1622881      1.769939443      5.673176851       2.54049122     -1.876865075      3.646804518 
  1.251663575e-16      0.290749206 -5.486989456e-14      1.162996824      1.390982706      4.471468142      2.536635252      -2.25342398      3.644406686 
  7.916215526e-17     0.2905720249 -4.909010497e-14        1.1622881      1.769939443      5.673176851       2.54049122     -1.876865075      3.646804518 
  5.006654302e-17      0.290749206 -3.501315556e-14      1.162996824      1.390982706      4.471468142      2.536635252      -2.25342398      3.644406686 
   3.16648621e-17     0.2905720249 -3.344050647e-14        1.1622881      1.769939443      5.673176851       2.54049122     -1.876865075      3.646804518 
  2.002661721e-17      0.290749206 -3.246964376e-14      1.162996824      1.390982706      4.471468142      2.536635252      -2.25342398      3.644406686 
  1.266594484e-17     0.2905720249 -3.332500189e-14        1.1622881      1.769939443      5.673176851       2.54049122     -1.876865075      3.646804518 
  8.010646883e-18      0.290749206 -5.458284662e-14      1.162996824      1.390982706      4.471468142      2.536635252      -2.25342398      3.644406686 
  5.066377936e-18     0.2905720249 -5.436926121e-14        1.1622881      1.769939443      5.673176851       2.54049122     -1.876865075      3.646804518 
  3.204258753e-18      0.290749206 -5.840223096e-14      1.162996824      1.390982706      4.471468142      2.536635252      -2.25342398      3.644406686 
  2.026551175e-18     0.2905720249 -7.011954188e-14        1.1622881      1.769939443      5.673176851       2.54049122     -1.876865075      3.646804518 
  1.281703501e-18      0.290749206  -5.75316439e-14      1.162996824      1.390982706      4.471468142      2.536635252      -2.25342398      3.644406686 
  8.106204698e-19     0.2905720249 -5.254148129e-14        1.1622881      1.769939443      5.673176851       2.54049122     -1.876865075      3.646804518 
  5.126814005e-19      0.290749206 -5.465312052e-14      1.162996824      1.390982706      4.471468142      2.536635252      -2.25342398      3.644406686 
  3.242481879e-19     0.2905720249 -5.420747058e-14        1.1622881      1.769939443      5.673176851       2.54049122     -1.876865075      3.646804518 
  2.050725602e-19      0.290749206 -7.775320208e-14      1.162996824      1.390982706      4.471468142      2.536635252      -2.25342398      3.644406686 
  1.296992752e-19     0.2905720249 -7.631591801e-14        1.1622881      1.769939443      5.673176851       2.54049122     -1.876865075      3.646804518 
  8.202902408e-20      0.290749206 -7.710177289e-14      1.162996824      1.390982706      4.471468142      2.536635252      -2.25342398      3.644406686 
  5.187971007e-20     0.2905720249 -7.291955667e-14        1.1622881      1.769939443      5.673176851       2.54049122     -1.876865075      3.646804518 
  3.281160963e-20      0.290749206 -6.611901114e-14      1.162996824      1.390982706      4.471468142      2.536635252      -2.25342398      3.644406686 
  2.075188403e-20     0.2905720249 -5.993830827e-14        1.1622881      1.769939443      5.673176851       2.54049122     -1.876865075      3.646804518 
  1.312464385e-20      0.290749206 -5.176310396e-14      1.162996824      1.390982706      4.471468142      2.536635252      -2.25342398      3.644406686 
