#               T           <Sz^2>              <Q>            <Q^2>              <E>            <E^2>                C                F                S 
       1.40475952            0.125                0              0.5                0                0                0     -1.386294361      1.386294361 
     0.8884479293     0.2234940822                0     0.8939763287     0.9115363349      1.239213469     0.4083149792     -1.645089462      2.556625797 
     0.5619038078     0.2832884966  5.188917346e-17      1.133153986      1.107361447      2.474570885       1.24832151     -2.264698336      3.372059784 
     0.3553791717     0.2988103495  -9.64982872e-17      1.195241398      1.786932746      5.435573694      2.242445054     -1.921494015      3.708426761 
     0.2247615231     0.2956940779 -1.877571273e-15      1.182776311      1.447700654      4.745938512      2.650101328     -2.274464959      3.722165613 
     0.1421516687     0.2914745634 -3.940359869e-15      1.165898254      1.788944625      5.831397459      2.631074587     -1.880181234      3.669125859 
    0.08990460925     0.2907811037 -6.321066045e-15      1.163124415      1.392425886      4.487593899      2.548744052     -2.253516467      3.645942353 
    0.05686066748     0.2905659908 -1.052474438e-14      1.162263963      1.769950772      5.672989975      2.540264239     -1.876787144      3.646737916 
     0.0359618437     0.2907451659 -1.032408972e-14      1.162980664      1.390899587      4.470172149      2.535570488     -2.253403806      3.644303393 
    0.02274426699     0.2905702698 -1.143424075e-14      1.162281079      1.769912958      5.672640154      2.540048275     -1.876850359      3.646763317 
    0.01438473748      0.290746722 -1.491643715e-14      1.162986888        1.3909026      4.470165459      2.535555415     -2.253415597      3.644318198 
   0.009097706796     0.2905709891 -1.880170154e-14      1.162283956       1.76990896      5.672617514      2.540039787     -1.876860803      3.646769763 
   0.005753894992      0.290746974 -2.057060976e-14      1.162987896      1.390903088      4.470164383      2.535552983     -2.253417507      3.644320595 
   0.003639082718     0.2905711044 -2.138836676e-14      1.162284418      1.769908319      5.672613879      2.540038421     -1.876862477      3.646770796 
   0.002301557997     0.2907470143 -2.137515509e-14      1.162988057      1.390903165      4.470164206      2.535552591     -2.253417813      3.644320978 
   0.001455633087     0.2905711228 -2.457434306e-14      1.162284491      1.769908216      5.672613294      2.540038201     -1.876862745      3.646770961 
  0.0009206231987     0.2907470207 -2.584077769e-14      1.162988083      1.390903177      4.470164177      2.535552528     -2.253417861      3.644321039 
   0.000582253235     0.2905711258 -2.330726294e-14      1.162284503        1.7699082        5.6726132      2.540038166     -1.876862788      3.646770987 
  0.0003682492795     0.2907470217 -1.925068804e-14      1.162988087      1.390903179      4.470164171      2.535552517     -2.253417869      3.644321048 
   0.000232901294     0.2905711262 -1.834768658e-14      1.162284505      1.769908197      5.672613185       2.54003816     -1.876862794      3.646770991 
  0.0001472997118     0.2907470219 -2.156780699e-14      1.162988087       1.39090318      4.470164171      2.535552516      -2.25341787       3.64432105 
  9.316051759e-05     0.2905711263 -2.565466328e-14      1.162284505      1.769908196      5.672613183      2.540038159     -1.876862795      3.646770992 
  5.891988472e-05     0.2907470219 -2.826513964e-14      1.162988088       1.39090318       4.47016417      2.535552515      -2.25341787       3.64432105 
  3.726420704e-05     0.2905711263  -3.19149474e-14      1.162284505      1.769908196      5.672613182      2.540038159     -1.876862796      3.646770992 
  2.356795389e-05     0.2907470219 -3.508543825e-14      1.162988088       1.39090318       4.47016417      2.535552515      -2.25341787       3.64432105 
  1.490568281e-05     0.2905711263 -3.620191565e-14      1.162284505      1.769908196      5.672613182      2.540038159     -1.876862796      3.646770992 
  9.427181555e-06     0.2907470219 -3.767799176e-14      1.162988088       1.39090318       4.47016417      2.535552515      -2.25341787       3.64432105 
  5.962273126e-06     0.2905711263 -3.600676211e-14      1.162284505      1.769908196      5.672613182      2.540038159     -1.876862796      3.646770992 
  3.770872622e-06     0.2907470219 -3.414553567e-14      1.162988088       1.39090318       4.47016417      2.535552515      -2.25341787       3.64432105 
   2.38490925e-06     0.2905711263 -3.175915866e-14      1.162284505      1.769908196      5.672613182      2.540038159     -1.876862796      3.646770992 
  1.508349049e-06     0.2907470219 -3.004820176e-14      1.162988088       1.39090318       4.47016417      2.535552515      -2.25341787       3.64432105 
  9.539637002e-07     0.2905711263 -2.726297813e-14      1.162284505      1.769908196      5.672613182      2.540038159     -1.876862796      3.646770992 
  6.033396195e-07     0.2907470219 -2.461692613e-14      1.162988088       1.39090318       4.47016417      2.535552515      -2.25341787       3.64432105 
  3.815854801e-07     0.2905711263 -2.293322426e-14      1.162284505      1.769908196      5.672613182      2.540038159     -1.876862796      3.646770992 
  2.413358478e-07     0.2907470219 -2.219239034e-14      1.162988088       1.39090318       4.47016417      2.535552515      -2.25341787       3.64432105 
   1.52634192e-07     0.2905711263 -1.665141222e-14      1.162284505      1.769908196      5.672613182      2.540038159     -1.876862796      3.646770992 
  9.653433912e-08     0.2907470219 -1.158490012e-14      1.162988088       1.39090318       4.47016417      2.535552515      -2.25341787       3.64432105 
  6.105367681e-08     0.2905711263 -7.323532103e-15      1.162284505      1.769908196      5.672613182      2.540038159     -1.876862796      3.646770992 
  3.861373565e-08     0.2907470219 -7.212859965e-15      1.162988088       1.39090318       4.47016417      2.535552515      -2.25341787       3.64432105 
  2.442147072e-08     0.2905711263 -7.289215546e-15      1.162284505      1.769908196      5.672613182      2.540038159     -1.876862796      3.646770992 
  1.544549426e-08     0.2907470219 -8.385469763e-15      1.162988088       1.39090318       4.47016417      2.535552515      -2.25341787       3.64432105 
   9.76858829e-09     0.2905711263 -9.615859349e-15      1.162284505      1.769908196      5.672613182      2.540038159     -1.876862796      3.646770992 
  6.178197704e-09     0.2907470219 -9.031608522e-15      1.162988088       1.39090318       4.47016417      2.535552515      -2.25341787       3.64432105 
  3.907435316e-09     0.2905711263 -1.097652492e-14      1.162284505      1.769908196      5.672613182      2.540038159     -1.876862796      3.646770992 
  2.471279082e-09     0.2907470219 -1.329595204e-14      1.162988088       1.39090318       4.47016417      2.535552515      -2.25341787       3.64432105 
  1.562974126e-09     0.2905711263 -1.308166307e-14      1.162284505      1.769908196      5.672613182      2.540038159     -1.876862796      3.646770992 
  9.885116326e-10     0.2907470219 -1.260253701e-14      1.162988088       1.39090318       4.47016417      2.535552515      -2.25341787       3.64432105 
  6.251896505e-10     0.2905711263 -9.940773132e-15      1.162284505      1.769908196      5.672613182      2.540038159     -1.876862796      3.646770992 
  3.954046531e-10     0.2907470219 -8.192707975e-15      1.162988088       1.39090318       4.47016417      2.535552515      -2.25341787       3.64432105 
  2.500758602e-10     0.2905711263 -5.606721459e-15      1.162284505      1.769908196      5.672613182      2.540038159     -1.876862796      3.646770992 
  1.581618612e-10     0.2907470219 -4.142926999e-15      1.162988088       1.39090318       4.47016417      2.535552515      -2.25341787       3.64432105 
  1.000303441e-10     0.2905711263 -1.009586847e-14      1.162284505      1.769908196      5.672613182      2.540038159     -1.876862796      3.646770992 
  6.326474449e-11     0.2907470219 -1.569460713e-14      1.162988088       1.39090318       4.47016417      2.535552515      -2.25341787       3.64432105 
  4.001213763e-11     0.2905711263 -1.755118292e-14      1.162284505      1.769908196      5.672613182      2.540038159     -1.876862796      3.646770992 
   2.53058978e-11     0.2907470219 -1.406674826e-14      1.162988088       1.39090318       4.47016417      2.535552515      -2.25341787       3.64432105 
  1.600485505e-11     0.2905711263 -1.155395419e-14      1.162284505      1.769908196      5.672613182      2.540038159     -1.876862796      3.646770992 
  1.012235912e-11     0.2907470219 -1.277187052e-14      1.162988088       1.39090318       4.47016417      2.535552515      -2.25341787       3.64432105 
  6.401942021e-12     0.2905711263 -1.210388209e-14      1.162284505      1.769908196      5.672613182      2.540038159     -1.876862796      3.646770992 
  4.048943647e-12     0.2907470219 -1.280894274e-14      1.162988088       1.39090318       4.47016417      2.535552515      -2.25341787       3.64432105 
  2.560776809e-12     0.2905711263 -8.975257511e-15      1.162284505      1.769908196      5.672613182      2.540038159     -1.876862796      3.646770992 
  1.619577459e-12     0.2907470219 -6.517376823e-15      1.162988088       1.39090318       4.47016417      2.535552515      -2.25341787       3.64432105 
  1.024310723e-12     0.2905711263 -3.223113489e-15      1.162284505      1.769908196      5.672613182      2.540038159     -1.876862796      3.646770992 
  6.478309836e-13     0.2907470219 -1.758709695e-15      1.162988088       1.39090318       4.47016417      2.535552515      -2.25341787       3.64432105 
  4.097242894e-13     0.2905711263 -1.145299343e-15      1.162284505      1.769908196      5.672613182      2.540038159     -1.876862796      3.646770992 
  2.591323934e-13     0.2907470219 -1.052302749e-15      1.162988088       1.39090318       4.47016417      2.535552515      -2.25341787       3.64432105 
  1.638897157e-13     0.2905711263  -3.67170203e-15      1.162284505      1.769908196      5.672613182      2.540038159     -1.876862796      3.646770992 
  1.036529574e-13     0.2907470219  -6.90007467e-15      1.162988088       1.39090318       4.47016417      2.535552515      -2.25341787       3.64432105 
   6.55558863e-14     0.2905711263 -1.070700026e-14      1.162284505      1.769908196      5.672613182      2.540038159     -1.876862796      3.646770992 
  4.146118295e-14     0.2907470219 -1.472895449e-14      1.162988088       1.39090318       4.47016417      2.535552515      -2.25341787       3.64432105 
  2.622235452e-14     0.2905711263 -1.586903112e-14      1.162284505      1.769908196      5.672613182      2.540038159     -1.876862796      3.646770992 
  1.658447318e-14     0.2907470219 -1.238271965e-14      1.162988088       1.39090318       4.47016417      2.535552515      -2.25341787       3.64432105 
  1.048894181e-14     0.2905711263 -1.182700547e-14      1.162284505      1.769908196      5.672613182      2.540038159     -1.876862796      3.646770992 
  6.633789272e-15     0.2907470219  -1.52121714e-14      1.162988088       1.39090318       4.47016417      2.535552515      -2.25341787       3.64432105 
  4.195576723e-15     0.2905711263 -1.663799241e-14      1.162284505      1.769908196      5.672613182      2.540038159     -1.876862796      3.646770992 
  2.653515709e-15     0.2907470219 -1.559598775e-14      1.162988088       1.39090318       4.47016417      2.535552515      -2.25341787       3.64432105 
  1.678230689e-15     0.2905711263 -1.704044142e-14      1.162284505      1.769908196      5.672613182      2.540038159     -1.876862796      3.646770992 
  1.061406283e-15     0.2907470219 -1.916425938e-14      1.162988088       1.39090318       4.47016417      2.535552515      -2.25341787       3.64432105 
