#               T           <Sz^2>              <Q>            <Q^2>              <E>            <E^2>                C                F                S 
      1.637035002     0.2519087906  1.408970614e-17     0.9923648374    0.01503831124  0.0004593155071  0.0002331647021     -2.757433815      2.772472126 
      1.035351843     0.3577326543  9.683485017e-18      1.406788928     0.8615856959      1.058345936     0.3160160248     -3.132456426      3.994042122 
     0.6548140008     0.4261611404 -8.014645554e-17       1.66648432      1.150530632      2.427165057      1.103444322     -3.727072831      4.877603462 
     0.4141407372     0.4443309296 -9.414927247e-16      1.717030985      1.905446039      5.839760036      2.209035428     -3.329401203      5.234847242 
     0.2619256003     0.4395397686 -2.601131994e-15      1.663000915      1.605518103      5.368398113      2.790709734     -3.601234542      5.206752645 
     0.1656562949     0.4367453024  -6.74361352e-15      1.597164665      1.942744336       6.53511286      2.760857304     -3.134511035      5.077255371 
     0.1047702401     0.4451553899 -1.038440031e-14      1.546408374      1.577004416      5.099612955      2.612670027     -3.429979034       5.00698345 
    0.06626251796     0.4606112226 -1.230455092e-14      1.482089614       2.01062418       6.70051127      2.657901676     -2.955566836      4.966191016 
    0.04190809605     0.4825551511 -9.356249106e-15      1.395603484       1.66770097      5.561828588      2.780602064      -3.21140424       4.87910521 
    0.02650500718     0.5076436488 -4.366618857e-15      1.293808716      2.017378785      7.007521449      2.937704285     -2.711116502      4.728495287 
    0.01676323842     0.5286700366  4.910453814e-15      1.210998142      1.533492046      5.282589838      2.930991983     -2.995862702      4.529354748 
    0.01060200287     0.5383369237  1.061971125e-14       1.17104653      1.811010569      6.007248598      2.727489318     -2.578855795      4.389866363 
   0.006705295368     0.5405831641  1.283546103e-14      1.163448793      1.394344349      4.502401252      2.558205089     -2.947060129      4.341404477 
   0.004240801149     0.5405606751  1.226383315e-14      1.162252028      1.769599434      5.668136322      2.536654164     -2.569980341      4.339579776 
   0.002682118147     0.5407319522  1.282463138e-14      1.162927809      1.390341386      4.462459525      2.529410356     -2.946510709      4.336852095 
    0.00169632046     0.5405621737  1.513293528e-14      1.162248695      1.769548288      5.667392003      2.536090858     -2.569975054      4.339523343 
   0.001072847259     0.5407319377  1.712613244e-14      1.162927751      1.390341374      4.462459718      2.529410584     -2.946510589      4.336851962 
  0.0006785281839     0.5405621663  1.836041671e-14      1.162248665      1.769548336      5.667392292      2.536090978     -2.569974944       4.33952328 
  0.0004291389035     0.5407319349  1.823715895e-14       1.16292774      1.390341369      4.462459735      2.529410614     -2.946510568      4.336851936 
  0.0002714112736      0.540562165  1.702586181e-14       1.16224866      1.769548343      5.667392331      2.536090994     -2.569974925      4.339523268 
  0.0001716555614     0.5407319344   1.29476263e-14      1.162927738      1.390341367      4.462459735      2.529410618     -2.946510564      4.336851931 
  0.0001085645094     0.5405621647  1.002494285e-14      1.162248659      1.769548344      5.667392336      2.536090995     -2.569974922      4.339523265 
  6.866222457e-05     0.5407319343  5.962001236e-15      1.162927737      1.390341367      4.462459734      2.529410618     -2.946510563       4.33685193 
  4.342580377e-05     0.5405621647  1.340611899e-15      1.162248659      1.769548344      5.667392336      2.536090996     -2.569974921      4.339523265 
  2.746488983e-05     0.5407319343 -2.457551953e-15      1.162927737      1.390341367      4.462459734      2.529410618     -2.946510563       4.33685193 
  1.737032151e-05     0.5405621647 -3.353617784e-15      1.162248659      1.769548344      5.667392336      2.536090996     -2.569974921      4.339523265 
  1.098595593e-05     0.5407319343 -2.976026457e-15      1.162927737      1.390341367      4.462459734      2.529410618     -2.946510563       4.33685193 
  6.948128603e-06     0.5405621646 -1.776301042e-15      1.162248659      1.769548344      5.667392336      2.536090996     -2.569974921      4.339523265 
  4.394382372e-06     0.5407319343 -1.607152517e-15      1.162927737      1.390341367      4.462459734      2.529410618     -2.946510563       4.33685193 
  2.779251441e-06     0.5405621646 -2.735613369e-15      1.162248659      1.769548343      5.667392335      2.536090996     -2.569974921      4.339523265 
  1.757752949e-06     0.5407319343 -3.569819508e-15      1.162927737      1.390341367      4.462459734      2.529410618     -2.946510563       4.33685193 
  1.111700576e-06     0.5405621646  -4.77092795e-15      1.162248659      1.769548343      5.667392335      2.536090996     -2.569974921      4.339523265 
  7.031011796e-07     0.5407319343 -4.740972653e-15      1.162927737      1.390341367      4.462459734      2.529410618     -2.946510563       4.33685193 
  4.446802306e-07     0.5405621646 -8.925457189e-15      1.162248659      1.769548343      5.667392335      2.536090995     -2.569974921      4.339523265 
  2.812404718e-07     0.5407319343 -1.114248109e-14      1.162927737      1.390341367      4.462459734      2.529410618     -2.946510563       4.33685193 
  1.778720922e-07     0.5405621646 -9.571314023e-15      1.162248659      1.769548343      5.667392335      2.536090995     -2.569974921      4.339523265 
  1.124961887e-07     0.5407319343 -5.909248644e-15      1.162927737      1.390341367      4.462459734      2.529410618     -2.946510563       4.33685193 
  7.114883689e-08     0.5405621646 -6.227683651e-15      1.162248659      1.769548343      5.667392335      2.536090995     -2.569974921      4.339523265 
  4.499847549e-08     0.5407319343 -7.703965782e-15      1.162927737      1.390341367      4.462459734      2.529410618     -2.946510563       4.33685193 
  2.845953476e-08     0.5405621646 -1.146988917e-14      1.162248659      1.769548343      5.667392335      2.536090995     -2.569974921      4.339523265 
   1.79993902e-08     0.5407319343 -1.507021673e-14      1.162927737      1.390341367      4.462459734      2.529410618     -2.946510563       4.33685193 
   1.13838139e-08     0.5405621646 -1.800823804e-14      1.162248659      1.769548343      5.667392335      2.536090995     -2.569974921      4.339523265 
  7.199756079e-09     0.5407319343 -1.836734284e-14      1.162927737      1.390341367      4.462459734      2.529410618     -2.946510563       4.33685193 
  4.553525561e-09     0.5405621646 -1.882681586e-14      1.162248659      1.769548343      5.667392335      2.536090995     -2.569974921      4.339523265 
  2.879902431e-09     0.5407319343 -1.926406576e-14      1.162927737      1.390341367      4.462459734      2.529410618     -2.946510563       4.33685193 
  1.821410225e-09     0.5405621646 -2.104072604e-14      1.162248659      1.769548343      5.667392335      2.536090995     -2.569974921      4.339523265 
  1.151960973e-09     0.5407319343 -2.034031691e-14      1.162927737      1.390341367      4.462459734      2.529410618     -2.946510563       4.33685193 
  7.285640898e-10     0.5405621646 -2.038655648e-14      1.162248659      1.769548343      5.667392335      2.536090995     -2.569974921      4.339523265 
   4.60784389e-10     0.5407319343 -2.045445499e-14      1.162927737      1.390341367      4.462459734      2.529410618     -2.946510563       4.33685193 
  2.914256359e-10     0.5405621646 -2.103526271e-14      1.162248659      1.769548343      5.667392335      2.536090995     -2.569974921      4.339523265 
  1.843137556e-10     0.5407319343 -2.130979299e-14      1.162927737      1.390341367      4.462459734      2.529410618     -2.946510563       4.33685193 
  1.165702544e-10     0.5405621646 -2.569201665e-14      1.162248659      1.769548343      5.667392335      2.536090995     -2.569974921      4.339523265 
  7.372550225e-11     0.5407319343 -2.583638696e-14      1.162927737      1.390341367      4.462459734      2.529410618     -2.946510563       4.33685193 
  4.662810175e-11     0.5405621646 -2.727876741e-14      1.162248659      1.769548343      5.667392335      2.536090995     -2.569974921      4.339523265 
   2.94902009e-11     0.5407319343 -2.307873674e-14      1.162927737      1.390341367      4.462459734      2.529410618     -2.946510563       4.33685193 
   1.86512407e-11     0.5405621646 -2.134878666e-14      1.162248659      1.769548343      5.667392335      2.536090995     -2.569974921      4.339523265 
  1.179608036e-11     0.5407319343 -1.852038587e-14      1.162927737      1.390341367      4.462459734      2.529410618     -2.946510563       4.33685193 
   7.46049628e-12     0.5405621646 -1.920196698e-14      1.162248659      1.769548343      5.667392335      2.536090995     -2.569974921      4.339523265 
  4.718432144e-12     0.5407319343 -1.802983159e-14      1.162927737      1.390341367      4.462459734      2.529410618     -2.946510563       4.33685193 
  2.984198512e-12     0.5405621646 -1.854756558e-14      1.162248659      1.769548343      5.667392335      2.536090995     -2.569974921      4.339523265 
  1.887372857e-12     0.5407319343 -1.854802279e-14      1.162927737      1.390341367      4.462459734      2.529410618     -2.946510563       4.33685193 
  1.193679405e-12     0.5405621646 -1.908460023e-14      1.162248659      1.769548343      5.667392335      2.536090995     -2.569974921      4.339523265 
   7.54949143e-13     0.5407319343 -1.706066301e-14      1.162927737      1.390341367      4.462459734      2.529410618     -2.946510563       4.33685193 
  4.774717619e-13     0.5405621646 -1.543043118e-14      1.162248659      1.769548343      5.667392335      2.536090995     -2.569974921      4.339523265 
  3.019796572e-13     0.5407319343 -1.126345259e-14      1.162927737      1.390341367      4.462459734      2.529410618     -2.946510563       4.33685193 
  1.909887048e-13     0.5405621646 -1.101939291e-14      1.162248659      1.769548343      5.667392335      2.536090995     -2.569974921      4.339523265 
  1.207918629e-13     0.5407319343 -9.555931336e-15      1.162927737      1.390341367      4.462459734      2.529410618     -2.946510563       4.33685193 
   7.63954819e-14     0.5405621646  -9.11725887e-15      1.162248659      1.769548343      5.667392335      2.536090995     -2.569974921      4.339523265 
  4.831674515e-14     0.5407319343 -8.229737811e-15      1.162927737      1.390341367      4.462459734      2.529410618     -2.946510563       4.33685193 
  3.055819276e-14     0.5405621646 -5.748300291e-15      1.162248659      1.769548343      5.667392335      2.536090995     -2.569974921      4.339523265 
  1.932669806e-14     0.5407319343 -3.906987667e-15      1.162927737      1.390341367      4.462459734      2.529410618     -2.946510563       4.33685193 
   1.22232771e-14     0.5405621646 -1.444385665e-15      1.162248659      1.769548343      5.667392335      2.536090995     -2.569974921      4.339523265 
  7.730679224e-15     0.5407319343 -1.627336737e-15      1.162927737      1.390341367      4.462459734      2.529410618     -2.946510563       4.33685193 
  4.889310842e-15     0.5405621646 -1.159354648e-15      1.162248659      1.769548343      5.667392335      2.536090995     -2.569974921      4.339523265 
   3.09227169e-15     0.5407319343 -2.383716828e-15      1.162927737      1.390341367      4.462459734      2.529410618     -2.946510563       4.33685193 
  1.955724337e-15     0.5405621646 -4.920141669e-15      1.162248659      1.769548343      5.667392335      2.536090995     -2.569974921      4.339523265 
  1.236908676e-15     0.5407319343 -4.713564937e-15      1.162927737      1.390341367      4.462459734      2.529410618     -2.946510563       4.33685193 
