#               1 
#               T 
      1.160995301 
     0.7342779009 
     0.4643981205 
     0.2937111603 
     0.1857592482 
     0.1174844641 
    0.07430369927 
    0.04699378566 
    0.02972147971 
    0.01879751426 
    0.01188859188 
   0.007519005705 
   0.004755436753 
   0.003007602282 
   0.001902174701 
   0.001203040913 
  0.0007608698805 
  0.0004812163651 
  0.0003043479522 
   0.000192486546 
  0.0001217391809 
  7.699461842e-05 
  4.869567236e-05 
  3.079784737e-05 
  1.947826894e-05 
  1.231913895e-05 
  7.791307577e-06 
  4.927655579e-06 
  3.116523031e-06 
  1.971062231e-06 
  1.246609212e-06 
  7.884248926e-07 
  4.986436849e-07 
   3.15369957e-07 
   1.99457474e-07 
  1.261479828e-07 
  7.978298959e-08 
  5.045919313e-08 
  3.191319583e-08 
  2.018367725e-08 
  1.276527833e-08 
    8.0734709e-09 
  5.106111334e-09 
   3.22938836e-09 
  2.042444533e-09 
  1.291755344e-09 
  8.169778134e-10 
  5.167021376e-10 
  3.267911253e-10 
   2.06680855e-10 
  1.307164501e-10 
  8.267234202e-11 
  5.228658006e-11 
  3.306893681e-11 
  2.091463202e-11 
  1.322757472e-11 
  8.365852809e-12 
  5.291029889e-12 
  3.346341124e-12 
  2.116411956e-12 
  1.338536449e-12 
  8.465647823e-13 
  5.354145798e-13 
  3.386259129e-13 
  2.141658319e-13 
  1.354503652e-13 
  8.566633276e-14 
  5.418014606e-14 
  3.426653311e-14 
  2.167205843e-14 
  1.370661324e-14 
   8.66882337e-15 
  5.482645297e-15 
  3.467529348e-15 
  2.193058119e-15 
  1.387011739e-15 
