#               T           <Sz^2>              <Q>            <Q^2>              <E>            <E^2>                C                F                S 
      1.160995301            0.125                0              0.5                0                0                0     -1.386294361      1.386294361 
     0.7342779009     0.2166584149 -1.205139115e-17     0.8666336596     0.9721824131      1.453284563     0.5081459191     -1.527403822      2.499586236 
     0.4643981205     0.2729815489  1.845580688e-16      1.091926196       1.09247283      2.547280079      1.353783195     -2.183010037      3.275482867 
     0.2937111603     0.2895470576  4.861794433e-16      1.158188231      1.736095022      5.263875019      2.249849093     -1.867284199      3.603379221 
     0.1857592482     0.2911850258  2.591612885e-16      1.164740103      1.397297482      4.492533178      2.540092925     -2.254485342      3.651782824 
     0.1174844641     0.2905837196  7.210950287e-16      1.162334879      1.773155637      5.698478602      2.554397689      -1.87573045      3.648886087 
    0.07430369927     0.2907127397  4.480478146e-15      1.162850959      1.391009969      4.472409488      2.537500755      -2.25313984      3.644149809 
    0.04699378566     0.2905530332  8.902910975e-15      1.162212133       1.77000983      5.673200706      2.540265908     -1.876600052      3.646609882 
    0.02972147971     0.2907406879  1.037086716e-14      1.162962752      1.390890972      4.470191638      2.535613941     -2.253369846      3.644260818 
    0.01879751426     0.2905682273  9.740235359e-15      1.162272909      1.769924308      5.672704603      2.540072548     -1.876820723      3.646745031 
    0.01188859188     0.2907460081  9.492718321e-15      1.162984032      1.390901228      4.470168583      2.535562357     -2.253410183      3.644311411 
   0.007519005705     0.2905706625  9.640224692e-15       1.16228265      1.769910775      5.672627817      2.540043665     -1.876856064       3.64676684 
   0.004755436753     0.2907468597  1.075530928e-14      1.162987439      1.390902868       4.47016488      2.535554092     -2.253416641      3.644319509 
   0.003007602282     0.2905710522  9.145964342e-15      1.162284209      1.769908609      5.672615526       2.54003904     -1.876861719      3.646770328 
   0.001902174701      0.290746996  5.726804635e-15      1.162987984       1.39090313      4.470164285      2.535552768     -2.253417674      3.644320804 
   0.001203040913     0.2905711145  4.142101843e-15      1.162284458      1.769908263      5.672613558        2.5400383     -1.876862624      3.646770886 
  0.0007608698805     0.2907470177  5.142442921e-15      1.162988071      1.390903172      4.470164189      2.535552556     -2.253417839      3.644321011 
  0.0004812163651     0.2905711244  1.120584026e-14      1.162284498      1.769908207      5.672613242      2.540038181     -1.876862768      3.646770975 
  0.0003043479522     0.2907470212  1.526861552e-14      1.162988085      1.390903178      4.470164173      2.535552522     -2.253417865      3.644321044 
   0.000192486546      0.290571126  1.709030472e-14      1.162284504      1.769908198      5.672613192      2.540038162     -1.876862791      3.646770989 
  0.0001217391809     0.2907470218  1.794187893e-14      1.162988087      1.390903179      4.470164171      2.535552516      -2.25341787      3.644321049 
  7.699461842e-05     0.2905711263  2.162034174e-14      1.162284505      1.769908197      5.672613184      2.540038159     -1.876862795      3.646770992 
  4.869567236e-05     0.2907470219  2.557612746e-14      1.162988087       1.39090318       4.47016417      2.535552516      -2.25341787       3.64432105 
  3.079784737e-05     0.2905711263  2.625253188e-14      1.162284505      1.769908196      5.672613182      2.540038159     -1.876862796      3.646770992 
  1.947826894e-05     0.2907470219  2.372455291e-14      1.162988088       1.39090318       4.47016417      2.535552515      -2.25341787       3.64432105 
  1.231913895e-05     0.2905711263   1.67946851e-14      1.162284505      1.769908196      5.672613182      2.540038159     -1.876862796      3.646770992 
  7.791307577e-06     0.2907470219   1.25523856e-14      1.162988088       1.39090318       4.47016417      2.535552515      -2.25341787       3.64432105 
  4.927655579e-06     0.2905711263  8.678145901e-15      1.162284505      1.769908196      5.672613182      2.540038159     -1.876862796      3.646770992 
  3.116523031e-06     0.2907470219  8.876490621e-15      1.162988088       1.39090318       4.47016417      2.535552515      -2.25341787       3.64432105 
  1.971062231e-06     0.2905711263  7.515485758e-15      1.162284505      1.769908196      5.672613182      2.540038159     -1.876862796      3.646770992 
  1.246609212e-06     0.2907470219  5.128430681e-15      1.162988088       1.39090318       4.47016417      2.535552515      -2.25341787       3.64432105 
  7.884248926e-07     0.2905711263  5.845405875e-15      1.162284505      1.769908196      5.672613182      2.540038159     -1.876862796      3.646770992 
  4.986436849e-07     0.2907470219   6.93078161e-15      1.162988088       1.39090318       4.47016417      2.535552515      -2.25341787       3.64432105 
   3.15369957e-07     0.2905711263  1.220423918e-14      1.162284505      1.769908196      5.672613182      2.540038159     -1.876862796      3.646770992 
   1.99457474e-07     0.2907470219  1.583770843e-14      1.162988088       1.39090318       4.47016417      2.535552515      -2.25341787       3.64432105 
  1.261479828e-07     0.2905711263   1.98754836e-14      1.162284505      1.769908196      5.672613182      2.540038159     -1.876862796      3.646770992 
  7.978298959e-08     0.2907470219   1.93072272e-14      1.162988088       1.39090318       4.47016417      2.535552515      -2.25341787       3.64432105 
  5.045919313e-08     0.2905711263   1.66159101e-14      1.162284505      1.769908196      5.672613182      2.540038159     -1.876862796      3.646770992 
  3.191319583e-08     0.2907470219   1.33998249e-14      1.162988088       1.39090318       4.47016417      2.535552515      -2.25341787       3.64432105 
  2.018367725e-08     0.2905711263  1.367214186e-14      1.162284505      1.769908196      5.672613182      2.540038159     -1.876862796      3.646770992 
  1.276527833e-08     0.2907470219  1.724171957e-14      1.162988088       1.39090318       4.47016417      2.535552515      -2.25341787       3.64432105 
    8.0734709e-09     0.2905711263  1.861312968e-14      1.162284505      1.769908196      5.672613182      2.540038159     -1.876862796      3.646770992 
  5.106111334e-09     0.2907470219  1.592438998e-14      1.162988088       1.39090318       4.47016417      2.535552515      -2.25341787       3.64432105 
   3.22938836e-09     0.2905711263  1.689033779e-14      1.162284505      1.769908196      5.672613182      2.540038159     -1.876862796      3.646770992 
  2.042444533e-09     0.2907470219  1.951194816e-14      1.162988088       1.39090318       4.47016417      2.535552515      -2.25341787       3.64432105 
  1.291755344e-09     0.2905711263  2.183065711e-14      1.162284505      1.769908196      5.672613182      2.540038159     -1.876862796      3.646770992 
  8.169778134e-10     0.2907470219  2.325171707e-14      1.162988088       1.39090318       4.47016417      2.535552515      -2.25341787       3.64432105 
  5.167021376e-10     0.2905711263  2.457477538e-14      1.162284505      1.769908196      5.672613182      2.540038159     -1.876862796      3.646770992 
  3.267911253e-10     0.2907470219  2.807723102e-14      1.162988088       1.39090318       4.47016417      2.535552515      -2.25341787       3.64432105 
   2.06680855e-10     0.2905711263  2.952042041e-14      1.162284505      1.769908196      5.672613182      2.540038159     -1.876862796      3.646770992 
  1.307164501e-10     0.2907470219  3.094650878e-14      1.162988088       1.39090318       4.47016417      2.535552515      -2.25341787       3.64432105 
  8.267234202e-11     0.2905711263  3.295769485e-14      1.162284505      1.769908196      5.672613182      2.540038159     -1.876862796      3.646770992 
  5.228658006e-11     0.2907470219  3.721707438e-14      1.162988088       1.39090318       4.47016417      2.535552515      -2.25341787       3.64432105 
  3.306893681e-11     0.2905711263  4.094121273e-14      1.162284505      1.769908196      5.672613182      2.540038159     -1.876862796      3.646770992 
  2.091463202e-11     0.2907470219  4.031404359e-14      1.162988088       1.39090318       4.47016417      2.535552515      -2.25341787       3.64432105 
  1.322757472e-11     0.2905711263  3.741208811e-14      1.162284505      1.769908196      5.672613182      2.540038159     -1.876862796      3.646770992 
  8.365852809e-12     0.2907470219  3.462287851e-14      1.162988088       1.39090318       4.47016417      2.535552515      -2.25341787       3.64432105 
  5.291029889e-12     0.2905711263  3.397587476e-14      1.162284505      1.769908196      5.672613182      2.540038159     -1.876862796      3.646770992 
  3.346341124e-12     0.2907470219  3.664094064e-14      1.162988088       1.39090318       4.47016417      2.535552515      -2.25341787       3.64432105 
  2.116411956e-12     0.2905711263  3.807276728e-14      1.162284505      1.769908196      5.672613182      2.540038159     -1.876862796      3.646770992 
  1.338536449e-12     0.2907470219  3.767153353e-14      1.162988088       1.39090318       4.47016417      2.535552515      -2.25341787       3.64432105 
  8.465647823e-13     0.2905711263  3.725474922e-14      1.162284505      1.769908196      5.672613182      2.540038159     -1.876862796      3.646770992 
  5.354145798e-13     0.2907470219  3.922485759e-14      1.162988088       1.39090318       4.47016417      2.535552515      -2.25341787       3.64432105 
  3.386259129e-13     0.2905711263  3.932631607e-14      1.162284505      1.769908196      5.672613182      2.540038159     -1.876862796      3.646770992 
  2.141658319e-13     0.2907470219  3.882750761e-14      1.162988088       1.39090318       4.47016417      2.535552515      -2.25341787       3.64432105 
  1.354503652e-13     0.2905711263  3.783181546e-14      1.162284505      1.769908196      5.672613182      2.540038159     -1.876862796      3.646770992 
  8.566633276e-14     0.2907470219  3.905726695e-14      1.162988088       1.39090318       4.47016417      2.535552515      -2.25341787       3.64432105 
  5.418014606e-14     0.2905711263  3.822091519e-14      1.162284505      1.769908196      5.672613182      2.540038159     -1.876862796      3.646770992 
  3.426653311e-14     0.2907470219  3.878288442e-14      1.162988088       1.39090318       4.47016417      2.535552515      -2.25341787       3.64432105 
  2.167205843e-14     0.2905711263  3.943843961e-14      1.162284505      1.769908196      5.672613182      2.540038159     -1.876862796      3.646770992 
  1.370661324e-14     0.2907470219   3.99311924e-14      1.162988088       1.39090318       4.47016417      2.535552515      -2.25341787       3.64432105 
   8.66882337e-15     0.2905711263  4.459592011e-14      1.162284505      1.769908196      5.672613182      2.540038159     -1.876862796      3.646770992 
  5.482645297e-15     0.2907470219  5.159468119e-14      1.162988088       1.39090318       4.47016417      2.535552515      -2.25341787       3.64432105 
  3.467529348e-15     0.2905711263  5.373927009e-14      1.162284505      1.769908196      5.672613182      2.540038159     -1.876862796      3.646770992 
  2.193058119e-15     0.2907470219  5.199548098e-14      1.162988088       1.39090318       4.47016417      2.535552515      -2.25341787       3.64432105 
  1.387011739e-15     0.2905711263   5.12061352e-14      1.162284505      1.769908196      5.672613182      2.540038159     -1.876862796      3.646770992 
