0 0 1
0.0020086504 -1 2
0.0020086504 1 2
0.0030246613 0 3
0.0078539375 -2 1
0.0078539375 2 1
0.0078539375 0 1
0.0088699484 -1 2
0.0088699484 1 2
0.010878599 0 1

0 0 2
0.0076354024 1 1
0.0076354024 -1 1
0.80064995 -1 3
0.80064995 1 3
0.80065031 -1 1
0.80065031 1 1
0.80828518 0 2
0.80828553 -2 2
0.80828553 0 2
0.80828553 2 2
1.6012999 0 4
1.6013001 -2 2
1.6013001 0 2
1.6013001 2 2
1.6013004 0 2
1.6089351 -1 1
1.6089351 1 1
1.6089355 -1 3
1.6089355 1 3
1.6089357 -3 1
1.6089357 -1 1
1.6089357 1 1
1.6089357 3 1
2.40195 -1 3
2.40195 1 3
2.4019504 -1 1
2.4019504 1 1
2.4095853 0 2
2.4095856 -2 2
2.4095856 0 2
2.4095856 2 2
3.2026002 0 2
3.2102356 -1 1
3.2102356 1 1

0 0 1
0.0022230811 1 2
0.0022230811 -1 2
0.0031433807 0 3
0.015216314 -2 1
0.015216314 0 1
0.015216314 2 1
0.016136614 1 2
0.016136614 -1 2
0.018359695 0 1
1.5376068 -1 2
1.5376068 1 2
1.5398298 0 3
1.5398298 -2 3
1.5398298 0 3
1.5398298 2 3
1.53983 0 1
1.5398301 -2 1
1.5398301 0 1
1.5398301 2 1
1.5407501 -1 4
1.5407501 1 4
1.5407503 -1 2
1.5407503 1 2
1.552823 -1 2
1.552823 1 2
1.5528232 -1 2
1.5528232 3 2
1.5528232 -3 2
1.5528232 1 2
1.5537432 0 3
1.5537432 0 1
1.5537435 -2 3
1.5537435 0 3
1.5537435 2 3
1.5537435 -2 1
1.5537435 2 1
1.5537435 0 1
1.5559665 -1 2
1.5559665 1 2

0 0 2
0.019086606 -1 1
0.019086606 1 1
0.75531906 1 3
0.75531906 -1 3
0.7553215 -1 1
0.7553215 1 1
0.77440445 0 2
0.77440689 2 2
0.77440689 -2 2
0.77440689 0 2
1.5106381 0 4
1.5106393 2 2
1.5106393 -2 2
1.5106393 0 2
1.5106418 0 2
1.5297235 1 1
1.5297235 -1 1
1.5297259 1 3
1.5297259 -1 3
1.5297272 -3 1
1.5297272 1 1
1.5297272 -1 1
1.5297272 3 1
2.2659584 -1 3
2.2659584 1 3
2.2659608 -1 1
2.2659608 1 1
2.2850438 0 2
2.2850462 0 2
2.2850462 2 2
2.2850462 -2 2
2.4953399 1 3
2.4953399 -1 3
2.4953402 -1 1
2.4953402 1 1
2.5144263 0 2
2.5144266 0 2
2.5144266 2 2
2.5144266 -2 2

0 0 1
0.0025151157 1 2
0.0025151157 -1 2
0.0034463561 0 3
0.033627135 2 1
0.033627135 0 1
0.033627135 -2 1
0.034558376 1 2
0.034558376 -1 2
0.037073491 0 1
1.5233994 -1 2
1.5233994 1 2
1.5259141 0 3
1.5259141 2 3
1.5259141 0 3
1.5259141 -2 3
1.5259157 0 1
1.5259157 2 1
1.5259157 -2 1
1.5259157 0 1
1.5268453 -1 4
1.5268453 1 4
1.5268466 -1 2
1.5268466 1 2
1.5570257 -1 2
1.5570257 1 2
1.5570269 3 2
1.5570269 -3 2
1.5570269 1 2
1.5570269 -1 2
1.5579565 0 3
1.5579566 0 1
1.5579581 2 3
1.5579581 0 3
1.5579581 -2 3
1.5579582 -2 1
1.5579582 2 1
1.5579582 0 1
1.5604729 1 2
1.5604729 -1 2

0 0 2
0.047704936 1 1
0.047704936 -1 1
0.748258 1 3
0.748258 -1 3
0.74827352 1 1
0.74827352 -1 1
0.79595518 0 2
0.79597069 2 2
0.79597069 0 2
0.79597069 -2 2
1.496516 0 4
1.4965238 0 2
1.4965238 -2 2
1.4965238 2 2
1.4965393 0 2
1.5442132 1 1
1.5442132 -1 1
1.5442287 1 3
1.5442287 -1 3
1.5442365 1 1
1.5442365 -3 1
1.5442365 3 1
1.5442365 -1 1
2.2447818 1 3
2.2447818 -1 3
2.2447973 1 1
2.2447973 -1 1
2.2924789 0 2
2.2924944 0 2
2.2924944 2 2
2.2924944 -2 2
2.4936034 -1 3
2.4936034 1 3
2.4936056 -1 1
2.4936056 1 1
2.5413072 0 2
2.5413094 2 2
2.5413094 -2 2
2.5413094 0 2

0 0 1
0.0027016225 1 2
0.0027016225 -1 2
0.0036451372 0 3
0.079087425 0 1
0.079087425 -2 1
0.079087425 2 1
0.08003094 1 2
0.08003094 -1 2
0.082732562 0 1
1.5210029 1 2
1.5210029 -1 2
1.5237019 0 3
1.523702 2 3
1.523702 0 3
1.523702 -2 3
1.5237122 0 1
1.5237123 -2 1
1.5237123 0 1
1.5237123 2 1
1.5246455 1 4
1.5246455 -1 4
1.5246533 -1 2
1.5246533 1 2
1.6000851 -1 2
1.6000851 1 2
1.600093 3 2
1.600093 1 2
1.600093 -3 2
1.600093 -1 2
1.6010261 0 3
1.6010262 0 1
1.6010364 2 3
1.6010364 0 3
1.6010364 -2 3
1.6010366 2 1
1.6010366 -2 1
1.6010366 0 1
1.6037355 1 2
1.6037355 -1 2

0 0 2
0.11918835 -1 1
0.11918835 1 1
0.74720169 -1 3
0.74720169 1 3
0.74730097 -1 1
0.74730097 1 1
0.86634041 0 2
0.86643968 2 2
0.86643968 0 2
0.86643968 -2 2
1.4944034 0 4
1.494453 2 2
1.494453 0 2
1.494453 -2 2
1.4945523 0 2
1.6135421 1 1
1.6135421 -1 1
1.6136414 1 3
1.6136414 -1 3
1.613691 1 1
1.613691 3 1
1.613691 -3 1
1.613691 -1 1
2.2416547 -1 3
2.2416547 1 3
2.241754 -1 1
2.241754 1 1
2.3607934 0 2
2.3608927 0 2
2.3608927 2 2
2.3608927 -2 2
2.4933339 1 3
2.4933339 -1 3
2.4933475 -1 1
2.4933475 1 1
2.6125154 0 2
2.612529 2 2
2.612529 0 2
2.612529 -2 2

0 0 1
0.0027945614 1 2
0.0027945614 -1 2
0.003744489 0 3
0.19228909 0 1
0.19228909 -2 1
0.19228909 2 1
0.19323902 1 2
0.19323902 -1 2
0.19603357 0 1
1.5206912 -1 2
1.5206912 1 2
1.5234693 0 3
1.5234696 -2 3
1.5234696 0 3
1.5234696 2 3
1.5235351 0 1
1.5235355 0 1
1.5235355 -2 1
1.5235355 2 1
1.5244194 -1 4
1.5244194 1 4
1.5244692 -1 2
1.5244692 1 2
1.7129472 1 2
1.7129472 -1 2
1.7129971 3 2
1.7129971 1 2
1.7129971 -1 2
1.7129971 -3 2
1.713881 0 3
1.7138813 0 1
1.7139468 0 3
1.7139468 2 3
1.7139468 -2 3
1.7139472 0 1
1.7139472 2 1
1.7139472 -2 1
1.7167252 1 2
1.7167252 -1 2

0 0 2
0.29741602 -1 1
0.29741602 1 1
0.7471612 -1 3
0.7471612 1 3
0.74787898 1 1
0.74787898 -1 1
1.0442193 0 2
1.0449358 0 2
1.0449358 -2 2
1.0449358 2 2
1.4943223 0 4
1.4946817 2 2
1.4946817 0 2
1.4946817 -2 2
1.495398 0 2
1.7913805 1 1
1.7913805 -1 1
1.7920969 1 3
1.7920969 -1 3
1.7924563 -3 1
1.7924563 1 1
1.7924563 -1 1
1.7924563 3 1
2.2418428 1 3
2.2418428 -1 3
2.2425593 -1 1
2.2425593 1 1
2.4933743 -1 3
2.4933743 1 3
2.4934603 -1 1
2.4934603 1 1
2.5388996 0 2
2.5396174 -2 2
2.5396174 0 2
2.5396174 2 2
2.7907474 0 2
2.7908332 2 2
2.7908332 0 2
2.7908332 -2 2

0 0 1
0.0028362941 -1 2
0.0028362941 1 2
0.0037893169 0 3
0.47473301 2 1
0.47473301 0 1
0.47473301 -2 1
0.47568597 -1 2
0.47568597 1 2
0.47852208 0 1
1.5208491 -1 2
1.5208491 1 2
1.5235818 0 3
1.5235825 -2 3
1.5235825 0 3
1.5235825 2 3
1.5240313 0 1
1.5240319 2 1
1.5240319 0 1
1.5240319 -2 1
1.5245352 -1 4
1.5245352 1 4
1.5248821 -1 2
1.5248821 1 2
1.9953571 -1 2
1.9953571 1 2
1.9957038 -3 2
1.9957038 1 2
1.9957038 -1 2
1.9957038 3 2
1.9962072 0 3
1.9962082 0 1
1.9966565 0 3
1.9966565 -2 3
1.9966565 2 3
1.9966572 -2 1
1.9966572 0 1
1.9966572 2 1
1.9993899 1 2
1.9993899 -1 2

0 0 2
0.7084512 -1 1
0.7084512 1 1
0.74733592 -1 3
0.74733592 1 3
0.78364193 -1 1
0.78364193 1 1
1.4473539 0 2
1.4667789 -2 2
1.4667789 0 2
1.4667789 2 2
1.4946715 0 4
1.5199865 -2 2
1.5199865 0 2
1.5199865 2 2
1.5394107 0 2
2.1946901 -1 1
2.1946901 1 1
2.2141145 -1 3
2.2141145 1 3
2.2394295 -1 1
2.2394295 1 1
2.2394295 -3 1
2.2394295 3 1
2.2673221 -1 3
2.2673221 1 3
2.2867469 -1 1
2.2867469 1 1
2.4935491 -1 3
2.4935491 1 3
2.4941303 -1 1
2.4941303 1 1
2.9504589 0 2
2.986765 0 2
2.986765 -2 2
2.986765 2 2
3.0256496 0 2
3.2019264 0 2
3.2022173 0 2
3.2022173 -2 2
3.2022173 2 2

0 0 1
0.0028554951 -1 2
0.0028554951 1 2
0.0038104116 0 3
1.1751542 2 1
1.1751542 -2 1
1.1751542 0 1
1.1760978 -1 2
1.1760978 1 2
1.178919 0 1
1.5215838 -1 2
1.5215838 1 2
1.5238024 0 3
1.523804 -2 3
1.523804 0 3
1.523804 2 3
1.5247581 1 4
1.5247581 -1 4
1.5300427 -2 1
1.5300427 2 1
1.5300427 0 1
1.5300865 0 1
1.5303737 1 2
1.5303737 -1 2
2.6936824 1 2
2.6936824 -1 2
2.6939974 0 3
2.6940211 0 1
2.6991939 -3 2
2.6991939 -1 2
2.6991939 1 2
2.6991939 3 2
2.7001262 0 1
2.7001262 -2 1
2.7001262 2 1
2.7001479 -2 3
2.7001479 0 3
2.7001479 2 3
2.7023513 -1 2
2.7023513 1 2

0 0 2
0.74301712 -1 1
0.74301712 1 1
0.74753578 -1 3
0.74753578 1 3
1.4883107 0 2
1.4928071 2 2
1.4928071 -2 2
1.4928071 0 2
1.4950707 0 4
1.859029 -1 1
1.859029 1 1
2.2358474 -1 1
2.2358474 1 1
2.240342 -1 3
2.240342 1 3
2.493841 1 3
2.493841 -1 3
2.5012528 1 1
2.5012528 -1 1
2.6043192 -2 2
2.6043192 0 2
2.6043192 2 2
2.608783 0 2
2.9856245 0 2
3.2376055 0 2
3.2376124 -2 2
3.2376124 0 2
3.2376124 2 2
3.2413762 0 4
3.2413767 2 4
3.2413767 -2 4
3.2413767 0 4
3.2480294 2 2
3.2480294 -2 2
3.2480294 0 2
3.2480573 0 2
3.3495981 3 1
3.3495981 -3 1
3.3495981 1 1
3.3495981 -1 1

0 0 1
0.0028662854 -1 2
0.0028662854 1 2
0.0038229662 0 3
1.5176831 -1 2
1.5176831 1 2
1.5182824 -2 1
1.5182824 2 1
1.5182824 0 1
1.5183188 0 1
1.5227501 -1 2
1.5227501 1 2
1.5240477 0 3
1.5240506 2 3
1.5240506 -2 3
1.5240506 0 3
1.5250058 -1 4
1.5250058 1 4
2.9421394 -2 1
2.9421394 0 1
2.9421394 2 1
2.9430793 -1 2
2.9430793 1 2
2.9458952 0 1
3.0358888 0 3
3.0366157 -1 2
3.0366157 1 2
3.0375617 0 1
3.039497 2 1
3.039497 -2 1
3.039497 0 1
3.0423446 3 2
3.0423446 1 2
3.0423446 -3 2
3.0423446 -1 2
3.0423553 -1 2
3.0423553 1 2
3.0432997 -2 3
3.0432997 2 3
3.0432997 0 3

0 0 2
0.74376896 1 1
0.74376896 -1 1
0.74767721 -1 3
0.74767721 1 3
1.489499 0 2
1.493399 -2 2
1.493399 0 2
1.493399 2 2
1.4953529 0 4
2.2371777 -1 1
2.2371777 1 1
2.2410747 -1 3
2.2410747 1 3
2.4858958 -1 1
2.4858958 1 1
2.4941734 -1 3
2.4941734 1 3
2.9868006 0 2
3.2321659 -2 2
3.2321659 0 2
3.2321659 2 2
3.2321978 0 2
3.2393404 0 2
3.2393429 2 2
3.2393429 -2 2
3.2393429 0 2
3.2418492 0 4
3.2418507 2 4
3.2418507 -2 4
3.2418507 0 4
3.9782687 -1 3
3.9782687 1 3
3.9792746 -3 1
3.9792746 -1 1
3.9792746 1 1
3.9792746 3 1
3.9793281 -1 1
3.9793281 1 1
3.9836761 -1 1
3.9836761 1 1

0 0 1
0.0028743589 -1 2
0.0028743589 1 2
0.0038329928 0 3
1.518984 -1 2
1.518984 1 2
1.5198002 -2 1
1.5198002 0 1
1.5198002 2 1
1.5198195 0 1
1.5231459 -1 2
1.5231459 1 2
1.5242357 0 3
1.5242397 -2 3
1.5242397 0 3
1.5242397 2 3
1.5251963 -1 4
1.5251963 1 4
3.0380921 0 3
3.0389574 -1 2
3.0389574 1 2
3.0399112 0 1
3.0405195 -2 1
3.0405195 0 1
3.0405195 2 1
3.0433843 -3 2
3.0433843 -1 2
3.0433843 1 2
3.0433843 3 2
3.0433869 -1 2
3.0433869 1 2
3.0443408 -2 3
3.0443408 0 3
3.0443408 2 3
3.0445568 0 3
3.0456022 -1 4
3.0456022 1 4
3.0465589 0 5
3.9437681 -1 2
3.9437681 1 2

0 0 2
0.74391998 -1 1
0.74391998 1 1
0.74775316 -1 3
0.74775316 1 3
1.489762 0 2
1.4935892 -2 2
1.4935892 0 2
1.4935892 2 2
1.4955043 0 4
2.2375172 -1 1
2.2375172 1 1
2.2413404 -1 3
2.2413404 1 3
2.4882106 -1 1
2.4882106 1 1
2.4944311 -1 3
2.4944311 1 3
2.9871794 0 2
3.2344374 -2 2
3.2344374 0 2
3.2344374 2 2
3.2344512 0 2
3.2398732 0 2
3.2398759 -2 2
3.2398759 0 2
3.2398759 2 2
3.2421819 0 4
3.2421843 -2 4
3.2421843 0 4
3.2421843 2 4
3.9804978 1 3
3.9804978 -1 3
3.9817886 -3 1
3.9817886 -1 1
3.9817886 1 1
3.9817886 3 1
3.9818156 -1 1
3.9818156 1 1
3.9841978 -1 1
3.9841978 1 1

0 0 1
0.0028815893 -1 2
0.0028815893 1 2
0.0038423374 0 3
1.5192077 -1 2
1.5192077 1 2
1.5200596 -2 1
1.5200596 0 1
1.5200596 2 1
1.5200766 0 1
1.5232863 -1 2
1.5232863 1 2
1.524345 0 3
1.5243498 -2 3
1.5243498 0 3
1.5243498 2 3
1.5253081 -1 4
1.5253081 1 4
3.0385026 0 3
3.039392 -1 2
3.039392 1 2
3.0403492 0 1
3.0407994 -2 1
3.0407994 0 1
3.0407994 2 1
3.0436725 -3 2
3.0436725 -1 2
3.0436725 1 2
3.0436725 3 2
3.0436735 -1 2
3.0436735 1 2
3.0446308 -2 3
3.0446308 0 3
3.0446308 2 3
3.0447881 0 3
3.0458144 -1 4
3.0458144 1 4
3.0467728 0 5
3.9473085 -1 2
3.9473085 1 2

0 0 2
0.74395975 -1 1
0.74395975 1 1
0.74778883 -1 3
0.74778883 1 3
1.4898392 0 2
1.4936629 -2 2
1.4936629 0 2
1.4936629 2 2
1.4955754 0 4
2.2376302 -1 1
2.2376302 1 1
2.2414495 -1 3
2.2414495 1 3
2.4885842 -1 1
2.4885842 1 1
2.4945786 -1 3
2.4945786 1 3
2.9873262 0 2
3.2348249 -2 2
3.2348249 0 2
3.2348249 2 2
3.2348365 0 2
3.2400827 0 2
3.2400859 -2 2
3.2400859 0 2
3.2400859 2 2
3.2423645 0 4
3.2423675 -2 4
3.2423675 0 4
3.2423675 2 4
3.9809028 -1 3
3.9809028 1 3
3.9822369 -3 1
3.9822369 -1 1
3.9822369 1 1
3.9822369 3 1
3.9822607 -1 1
3.9822607 1 1
3.984423 -1 1
3.984423 1 1

0 0 1
0.0028885498 -1 2
0.0028885498 1 2
0.0038514998 0 3
1.5192709 -1 2
1.5192709 1 2
1.5201304 -2 1
1.5201304 0 1
1.5201304 2 1
1.5201469 0 1
1.5233454 -1 2
1.5233454 1 2
1.524401 0 3
1.5244062 -2 3
1.5244062 0 3
1.5244062 2 3
1.5253665 -1 4
1.5253665 1 4
3.0386237 0 3
3.0395189 -1 2
3.0395189 1 2
3.0404788 0 1
3.0409055 -2 1
3.0409055 0 1
3.0409055 2 1
3.0437858 -3 2
3.0437858 -1 2
3.0437858 1 2
3.0437858 3 2
3.0437862 -1 2
3.0437862 1 2
3.0447461 -2 3
3.0447461 0 3
3.0447461 2 3
3.0448948 0 3
3.0459199 -1 4
3.0459199 1 4
3.0468803 0 5
3.9478829 -1 2
3.9478829 1 2

0 0 2
0.74396914 1 1
0.74396914 -1 1
0.74780518 1 3
0.74780518 -1 3
1.4898613 0 2
1.4936922 -2 2
1.4936922 2 2
1.4936922 0 2
1.495608 0 4
2.2376689 -1 1
2.2376689 1 1
2.241495 1 3
2.241495 -1 3
2.4886781 -1 1
2.4886781 1 1
2.4946498 -1 3
2.4946498 1 3
2.9873847 0 2
3.2349286 -2 2
3.2349286 0 2
3.2349286 2 2
3.2349397 0 2
3.2401699 0 2
3.2401735 -2 2
3.2401735 0 2
3.2401735 2 2
3.2424518 0 4
3.242455 -2 4
3.242455 0 4
3.242455 2 4
3.9810165 -1 3
3.9810165 1 3
3.9823604 -3 1
3.9823604 -1 1
3.9823604 1 1
3.9823604 3 1
3.9823835 -1 1
3.9823835 1 1
3.9845167 -1 1
3.9845167 1 1

0 0 1
0.0028954299 1 2
0.0028954299 -1 2
0.0038606259 0 3
1.5192912 1 2
1.5192912 -1 2
1.5201537 2 1
1.5201537 0 1
1.5201537 -2 1
1.5201701 0 1
1.5233733 1 2
1.5233733 -1 2
1.5244303 0 3
1.5244356 2 3
1.5244356 0 3
1.5244356 -2 3
1.5253982 1 4
1.5253982 -1 4
3.0386635 0 3
3.0395615 -1 2
3.0395615 1 2
3.0405238 0 1
3.0409476 2 1
3.0409476 -2 1
3.0409476 0 1
3.0438348 3 2
3.0438348 -3 2
3.0438348 1 2
3.0438348 -1 2
3.043835 -1 2
3.043835 1 2
3.0447973 2 3
3.0447973 -2 3
3.0447973 0 3
3.0449449 0 3
3.0459718 -1 4
3.0459718 1 4
3.0469343 0 5
3.9480331 -1 2
3.9480331 1 2

0 0 2
0.74396843 1 1
0.74396843 -1 1
0.74781321 1 3
0.74781321 -1 3
1.4898643 0 2
1.493704 2 2
1.493704 0 2
1.493704 -2 2
1.495624 0 4
2.2376799 1 1
2.2376799 -1 1
2.2415147 1 3
2.2415147 -1 3
2.4887024 1 1
2.4887024 -1 1
2.4946824 1 3
2.4946824 -1 3
2.987408 0 2
3.2349568 2 2
3.2349568 0 2
3.2349568 -2 2
3.2349678 0 2
3.2402059 0 2
3.2402096 2 2
3.2402096 0 2
3.2402096 -2 2
3.2424922 0 4
3.2424956 2 4
3.2424956 0 4
3.2424956 -2 4
3.9810482 1 3
3.9810482 -1 3
3.9823965 -1 1
3.9823965 1 1
3.9823965 3 1
3.9823965 -3 1
3.9824194 -1 1
3.9824194 1 1
3.9845523 1 1
3.9845523 -1 1

0 0 1
0.0029022985 1 2
0.0029022985 -1 2
0.0038697652 0 3
1.5192972 1 2
1.5192972 -1 2
1.5201618 2 1
1.5201618 0 1
1.5201618 -2 1
1.5201782 0 1
1.5233886 1 2
1.5233886 -1 2
1.5244479 0 3
1.5244533 2 3
1.5244533 0 3
1.5244533 -2 3
1.525418 -1 4
1.525418 1 4
3.0386754 0 3
3.0395756 1 2
3.0395756 -1 2
3.0405403 0 1
3.0409644 2 1
3.0409644 0 1
3.0409644 -2 1
3.0438585 3 2
3.0438585 1 2
3.0438585 -1 2
3.0438585 -3 2
3.0438586 1 2
3.0438586 -1 2
3.0448233 2 3
3.0448233 0 3
3.0448233 -2 3
3.044971 0 3
3.0460001 1 4
3.0460001 -1 4
3.0469649 0 5
3.9480767 1 2
3.9480767 -1 2

0 0 2
0.74396398 1 1
0.74396398 -1 1
0.74781781 -1 3
0.74781781 1 3
1.4898599 0 2
1.4937087 0 2
1.4937087 2 2
1.4937087 -2 2
1.4956332 0 4
2.2376801 1 1
2.2376801 -1 1
2.241524 1 3
2.241524 -1 3
2.4887047 1 1
2.4887047 -1 1
2.4946979 1 3
2.4946979 -1 3
2.9874174 0 2
3.2349599 2 2
3.2349599 0 2
3.2349599 -2 2
3.2349709 0 2
3.2402207 0 2
3.2402244 2 2
3.2402244 0 2
3.2402244 -2 2
3.2425122 0 4
3.2425157 2 4
3.2425157 0 4
3.2425157 -2 4
3.9810517 1 3
3.9810517 -1 3
3.9824034 3 1
3.9824034 1 1
3.9824034 -1 1
3.9824034 -3 1
3.9824264 1 1
3.9824264 -1 1
3.9845635 1 1
3.9845635 -1 1

0 0 1
0.0029091822 -1 2
0.0029091822 1 2
0.003878936 0 3
1.5192978 1 2
1.5192978 -1 2
1.5201645 2 1
1.5201645 0 1
1.5201645 -2 1
1.520181 0 1
1.5233988 1 2
1.5233988 -1 2
1.5244606 0 3
1.524466 0 3
1.524466 2 3
1.524466 -2 3
1.5254331 -1 4
1.5254331 1 4
3.0386768 0 3
3.0395792 1 2
3.0395792 -1 2
3.0405461 0 1
3.0409712 2 1
3.0409712 0 1
3.0409712 -2 1
3.0438722 1 2
3.0438722 3 2
3.0438722 -1 2
3.0438722 -3 2
3.0438722 1 2
3.0438722 -1 2
3.0448392 0 3
3.0448392 -2 3
3.0448392 2 3
3.0449872 0 3
3.0460187 1 4
3.0460187 -1 4
3.0469858 0 5
3.9480863 1 2
3.9480863 -1 2

0 0 2
0.74395806 1 1
0.74395806 -1 1
0.74782102 -1 3
0.74782102 1 3
1.4898526 0 2
1.4937105 -2 2
1.4937105 0 2
1.4937105 2 2
1.4956396 0 4
2.2376761 -1 1
2.2376761 1 1
2.2415291 1 3
2.2415291 -1 3
2.4886991 1 1
2.4886991 -1 1
2.4947063 -1 3
2.4947063 1 3
2.9874211 0 2
3.2349537 2 2
3.2349537 0 2
3.2349537 -2 2
3.2349648 0 2
3.2402268 0 2
3.2402306 2 2
3.2402306 0 2
3.2402306 -2 2
3.2425238 0 4
3.2425273 -2 4
3.2425273 0 4
3.2425273 2 4
3.9810447 1 3
3.9810447 -1 3
3.9823996 3 1
3.9823996 1 1
3.9823996 -1 1
3.9823996 -3 1
3.9824227 -1 1
3.9824227 1 1
3.9845647 -1 1
3.9845647 1 1

0 0 1
0.0029160916 -1 2
0.0029160916 1 2
0.0038881457 0 3
1.5192963 1 2
1.5192963 -1 2
1.5201651 2 1
1.5201651 0 1
1.5201651 -2 1
1.5201817 0 1
1.5234071 -1 2
1.5234071 1 2
1.5244714 0 3
1.5244768 -2 3
1.5244768 0 3
1.5244768 2 3
1.5254462 -1 4
1.5254462 1 4
3.0386741 0 3
3.0395786 -1 2
3.0395786 1 2
3.0405479 0 1
3.0409739 -2 1
3.0409739 0 1
3.0409739 2 1
3.0438818 -1 2
3.0438818 1 2
3.0438818 -1 2
3.0438818 -3 2
3.0438818 1 2
3.0438818 3 2
3.0448511 -2 3
3.0448511 0 3
3.0448511 2 3
3.0449994 0 3
3.0460334 -1 4
3.0460334 1 4
3.0470027 0 5
3.9480835 1 2
3.9480835 -1 2

0 0 2
0.74395155 -1 1
0.74395155 1 1
0.74782369 -1 3
0.74782369 1 3
1.4898442 0 2
1.4937113 -2 2
1.4937113 0 2
1.4937113 2 2
1.4956449 0 4
2.2376704 -1 1
2.2376704 1 1
2.2415325 -1 3
2.2415325 1 3
2.4886903 1 1
2.4886903 -1 1
2.4947118 -1 3
2.4947118 1 3
2.9874226 0 2
3.234944 2 2
3.234944 0 2
3.234944 -2 2
3.234955 0 2
3.2402296 0 2
3.2402334 -2 2
3.2402334 0 2
3.2402334 2 2
3.2425319 0 4
3.2425355 -2 4
3.2425355 0 4
3.2425355 2 4
3.9810335 1 3
3.9810335 -1 3
3.9823916 3 1
3.9823916 1 1
3.9823916 -1 1
3.9823916 -3 1
3.9824148 -1 1
3.9824148 1 1
3.9845618 -1 1
3.9845618 1 1

0 0 1
0.0029230312 -1 2
0.0029230312 1 2
0.0038973974 0 3
1.5192941 1 2
1.5192941 -1 2
1.5201649 2 1
1.5201649 -2 1
1.5201649 0 1
1.5201815 0 1
1.5234146 -1 2
1.5234146 1 2
1.5244814 0 3
1.5244869 -2 3
1.5244869 0 3
1.5244869 2 3
1.5254585 1 4
1.5254585 -1 4
3.0386697 0 3
3.0395764 -1 2
3.0395764 1 2
3.040548 0 1
3.0409751 -2 1
3.0409751 0 1
3.0409751 2 1
3.0438898 1 2
3.0438898 -1 2
3.0438898 -3 2
3.0438898 -1 2
3.0438898 1 2
3.0438898 3 2
3.0448614 -2 3
3.0448614 0 3
3.0448614 2 3
3.0450101 0 3
3.0460465 -1 4
3.0460465 1 4
3.0470182 0 5
3.948076 1 2
3.948076 -1 2

0 0 2
0.74394479 -1 1
0.74394479 1 1
0.74782615 -1 3
0.74782615 1 3
1.4898353 0 2
1.4937116 2 2
1.4937116 -2 2
1.4937116 0 2
1.4956498 0 4
2.2376639 -1 1
2.2376639 1 1
2.2415352 -1 3
2.2415352 1 3
2.4886804 1 1
2.4886804 -1 1
2.4947161 -1 3
2.4947161 1 3
2.9874232 0 2
3.2349327 -2 2
3.2349327 2 2
3.2349327 0 2
3.2349438 0 2
3.2402309 0 2
3.2402347 -2 2
3.2402347 0 2
3.2402347 2 2
3.2425387 0 4
3.2425423 -2 4
3.2425423 0 4
3.2425423 2 4
3.9810206 1 3
3.9810206 -1 3
3.9823819 -3 1
3.9823819 3 1
3.9823819 -1 1
3.9823819 1 1
3.9824052 -1 1
3.9824052 1 1
3.9845573 -1 1
3.9845573 1 1

0 0 1
0.0029300027 -1 2
0.0029300027 1 2
0.0039066924 0 3
1.5192915 -1 2
1.5192915 1 2
1.5201644 -2 1
1.5201644 0 1
1.5201644 2 1
1.5201811 0 1
1.5234218 1 2
1.5234218 -1 2
1.5244911 0 3
1.5244967 -2 3
1.5244967 0 3
1.5244967 2 3
1.5254706 1 4
1.5254706 -1 4
3.0386647 0 3
3.0395736 -1 2
3.0395736 1 2
3.0405474 0 1
3.0409755 -2 1
3.0409755 2 1
3.0409755 0 1
3.0438972 1 2
3.0438972 -1 2
3.0438972 3 2
3.0438972 -3 2
3.0438972 1 2
3.0438972 -1 2
3.0448711 2 3
3.0448711 -2 3
3.0448711 0 3
3.0450202 0 3
3.0460591 -1 4
3.0460591 1 4
3.047033 0 5
3.9480667 1 2
3.9480667 -1 2

0 0 2
0.7439379 -1 1
0.7439379 1 1
0.74782853 -1 3
0.74782853 1 3
1.4898262 0 2
1.4937117 -2 2
1.4937117 0 2
1.4937117 2 2
1.4956545 0 4
2.2376572 -1 1
2.2376572 1 1
2.2415377 -1 3
2.2415377 1 3
2.48867 -1 1
2.48867 1 1
2.49472 -1 3
2.49472 1 3
2.9874234 0 2
3.2349209 -2 2
3.2349209 0 2
3.2349209 2 2
3.234932 0 2
3.2402316 0 2
3.2402355 -2 2
3.2402355 2 2
3.2402355 0 2
3.242545 0 4
3.2425486 2 4
3.2425486 -2 4
3.2425486 0 4
3.981007 -1 3
3.981007 1 3
3.9823716 -3 1
3.9823716 -1 1
3.9823716 1 1
3.9823716 3 1
3.9823949 -1 1
3.9823949 1 1
3.9845521 1 1
3.9845521 -1 1

0 0 1
0.002937007 -1 2
0.002937007 1 2
0.0039160315 0 3
1.5192887 -1 2
1.5192887 1 2
1.5201637 -2 1
1.5201637 0 1
1.5201637 2 1
1.5201805 0 1
1.5234289 -1 2
1.5234289 1 2
1.5245008 0 3
1.5245063 -2 3
1.5245063 0 3
1.5245063 2 3
1.5254826 -1 4
1.5254826 1 4
3.0386594 0 3
3.0395705 -1 2
3.0395705 1 2
3.0405466 0 1
3.0409757 -2 1
3.0409757 0 1
3.0409757 2 1
3.0439044 -1 2
3.0439044 1 2
3.0439044 -3 2
3.0439044 1 2
3.0439044 -1 2
3.0439044 3 2
3.0448806 -2 3
3.0448806 0 3
3.0448806 2 3
3.04503 0 3
3.0460714 -1 4
3.0460714 1 4
3.0470477 0 5
3.9480565 -1 2
3.9480565 1 2

0 0 2
0.74393094 -1 1
0.74393094 1 1
0.74783088 -1 3
0.74783088 1 3
1.489817 0 2
1.4937118 -2 2
1.4937118 0 2
1.4937118 2 2
1.4956592 0 4
2.2376503 -1 1
2.2376503 1 1
2.2415401 -1 3
2.2415401 1 3
2.4886593 -1 1
2.4886593 1 1
2.4947238 -1 3
2.4947238 1 3
2.9874235 0 2
3.2349088 -2 2
3.2349088 0 2
3.2349088 2 2
3.23492 0 2
3.2402322 0 2
3.2402361 -2 2
3.2402361 0 2
3.2402361 2 2
3.242551 0 4
3.2425546 -2 4
3.2425546 0 4
3.2425546 2 4
3.9809931 -1 3
3.9809931 1 3
3.9823609 -3 1
3.9823609 -1 1
3.9823609 1 1
3.9823609 3 1
3.9823843 -1 1
3.9823843 1 1
3.9845467 -1 1
3.9845467 1 1

0 0 1
0.0029440447 -1 2
0.0029440447 1 2
0.0039254152 0 3
1.5192859 1 2
1.5192859 -1 2
1.520163 -2 1
1.520163 0 1
1.520163 2 1
1.5201798 0 1
1.523436 -1 2
1.523436 1 2
1.5245104 0 3
1.524516 -2 3
1.524516 0 3
1.524516 2 3
1.5254946 -1 4
1.5254946 1 4
3.038654 0 3
3.0395672 1 2
3.0395672 -1 2
3.0405457 0 1
3.0409759 -2 1
3.0409759 0 1
3.0409759 2 1
3.0439115 -1 2
3.0439115 1 2
3.0439115 -3 2
3.0439115 -1 2
3.0439115 1 2
3.0439115 3 2
3.0448901 -2 3
3.0448901 0 3
3.0448901 2 3
3.0450398 0 3
3.0460837 -1 4
3.0460837 1 4
3.0470623 0 5
3.948046 -1 2
3.948046 1 2

0 0 2
0.74392393 1 1
0.74392393 -1 1
0.74783323 -1 3
0.74783323 1 3
1.4898076 0 2
1.4937118 -2 2
1.4937118 0 2
1.4937118 2 2
1.4956639 0 4
2.2376434 -1 1
2.2376434 1 1
2.2415425 -1 3
2.2415425 1 3
2.4886484 1 1
2.4886484 -1 1
2.4947274 -1 3
2.4947274 1 3
2.9874236 0 2
3.2348965 -2 2
3.2348965 2 2
3.2348965 0 2
3.2349078 0 2
3.2402326 0 2
3.2402366 -2 2
3.2402366 0 2
3.2402366 2 2
3.242557 0 4
3.2425607 -2 4
3.2425607 0 4
3.2425607 2 4
3.9809789 1 3
3.9809789 -1 3
3.98235 -3 1
3.98235 -1 1
3.98235 1 1
3.98235 3 1
3.9823736 -1 1
3.9823736 1 1
3.9845411 -1 1
3.9845411 1 1

0 0 1
0.0029511162 -1 2
0.0029511162 1 2
0.0039348439 0 3
1.5192831 1 2
1.5192831 -1 2
1.5201622 -2 1
1.5201622 0 1
1.5201622 2 1
1.5201792 0 1
1.5234431 -1 2
1.5234431 1 2
1.5245201 0 3
1.5245257 -2 3
1.5245257 0 3
1.5245257 2 3
1.5255066 -1 4
1.5255066 1 4
3.0386485 0 3
3.0395639 -1 2
3.0395639 1 2
3.0405447 0 1
3.0409759 -2 1
3.0409759 0 1
3.0409759 2 1
3.0439186 -1 2
3.0439186 1 2
3.0439186 -3 2
3.0439186 -1 2
3.0439186 1 2
3.0439186 3 2
3.0448995 -2 3
3.0448995 0 3
3.0448995 2 3
3.0450497 0 3
3.046096 -1 4
3.046096 1 4
3.0470769 0 5
3.9480354 1 2
3.9480354 -1 2

0 0 2
0.74391688 -1 1
0.74391688 1 1
0.74783558 -1 3
0.74783558 1 3
1.4897983 0 2
1.4937118 -2 2
1.4937118 2 2
1.4937118 0 2
1.4956686 0 4
2.2376364 -1 1
2.2376364 1 1
2.2415448 -1 3
2.2415448 1 3
2.4886375 1 1
2.4886375 -1 1
2.4947311 -1 3
2.4947311 1 3
2.9874236 0 2
3.2348841 0 2
3.2348841 -2 2
3.2348841 2 2
3.2348954 0 2
3.2402331 0 2
3.240237 -2 2
3.240237 0 2
3.240237 2 2
3.2425631 0 4
3.2425667 -2 4
3.2425667 0 4
3.2425667 2 4
3.9809647 1 3
3.9809647 -1 3
3.9823391 -3 1
3.9823391 -1 1
3.9823391 1 1
3.9823391 3 1
3.9823628 -1 1
3.9823628 1 1
3.9845354 -1 1
3.9845354 1 1

0 0 1
0.0029582216 1 2
0.0029582216 -1 2
0.003944318 0 3
1.5192802 -1 2
1.5192802 1 2
1.5201615 -2 1
1.5201615 0 1
1.5201615 2 1
1.5201785 0 1
1.5234503 -1 2
1.5234503 1 2
1.5245298 0 3
1.5245355 -2 3
1.5245355 0 3
1.5245355 2 3
1.5255187 -1 4
1.5255187 1 4
3.038643 0 3
3.0395606 1 2
3.0395606 -1 2
3.0405437 0 1
3.040976 -2 1
3.040976 2 1
3.040976 0 1
3.0439257 -1 2
3.0439257 1 2
3.0439257 3 2
3.0439257 -3 2
3.0439257 1 2
3.0439257 -1 2
3.044909 -2 3
3.044909 2 3
3.044909 0 3
3.0450595 0 3
3.0461083 1 4
3.0461083 -1 4
3.0470916 0 5
3.9480246 1 2
3.9480246 -1 2

0 0 2
0.7439098 -1 1
0.7439098 1 1
0.74783794 1 3
0.74783794 -1 3
1.4897889 0 2
1.4937118 0 2
1.4937118 2 2
1.4937118 -2 2
1.4956733 0 4
2.2376293 1 1
2.2376293 -1 1
2.2415472 -1 3
2.2415472 1 3
2.4886266 -1 1
2.4886266 1 1
2.4947348 -1 3
2.4947348 1 3
2.9874236 0 2
3.2348717 -2 2
3.2348717 0 2
3.2348717 2 2
3.2348831 0 2
3.2402335 0 2
3.2402374 -2 2
3.2402374 2 2
3.2402374 0 2
3.2425691 0 4
3.2425727 -2 4
3.2425727 0 4
3.2425727 2 4
3.9809504 -1 3
3.9809504 1 3
3.9823281 -3 1
3.9823281 1 1
3.9823281 3 1
3.9823281 -1 1
3.9823519 -1 1
3.9823519 1 1
3.9845297 -1 1
3.9845297 1 1

0 0 1
0.0029653613 1 2
0.0029653613 -1 2
0.0039538378 0 3
1.5192773 1 2
1.5192773 -1 2
1.5201607 0 1
1.5201607 -2 1
1.5201607 2 1
1.5201778 0 1
1.5234574 1 2
1.5234574 -1 2
1.5245396 0 3
1.5245452 2 3
1.5245452 0 3
1.5245452 -2 3
1.5255309 1 4
1.5255309 -1 4
3.0386374 0 3
3.0395572 -1 2
3.0395572 1 2
3.0405427 0 1
3.040976 -2 1
3.040976 0 1
3.040976 2 1
3.0439329 1 2
3.0439329 -1 2
3.0439329 3 2
3.0439329 1 2
3.0439329 -3 2
3.0439329 -1 2
3.0449185 2 3
3.0449185 0 3
3.0449185 -2 3
3.0450694 0 3
3.0461208 1 4
3.0461208 -1 4
3.0471064 0 5
3.9480138 -1 2
3.9480138 1 2

0 0 2
0.74390268 1 1
0.74390268 -1 1
0.74784032 1 3
0.74784032 -1 3
1.4897794 0 2
1.4937118 2 2
1.4937118 0 2
1.4937118 -2 2
1.4956781 0 4
2.2376223 1 1
2.2376223 -1 1
2.2415495 1 3
2.2415495 -1 3
2.4886156 -1 1
2.4886156 1 1
2.4947385 1 3
2.4947385 -1 3
2.9874236 0 2
3.2348592 0 2
3.2348592 -2 2
3.2348592 2 2
3.2348706 0 2
3.2402339 0 2
3.2402379 2 2
3.2402379 0 2
3.2402379 -2 2
3.2425751 0 4
3.2425788 2 4
3.2425788 0 4
3.2425788 -2 4
3.9809361 1 3
3.9809361 -1 3
3.982317 -1 1
3.982317 -3 1
3.982317 1 1
3.982317 3 1
3.9823409 1 1
3.9823409 -1 1
3.9845239 1 1
3.9845239 -1 1

0 0 1
0.0029725356 -1 2
0.0029725356 1 2
0.0039634036 0 3
1.5192744 1 2
1.5192744 -1 2
1.5201599 2 1
1.5201599 0 1
1.5201599 -2 1
1.5201771 0 1
1.5234646 1 2
1.5234646 -1 2
1.5245494 0 3
1.5245551 2 3
1.5245551 0 3
1.5245551 -2 3
1.5255431 1 4
1.5255431 -1 4
3.0386318 0 3
3.0395538 1 2
3.0395538 -1 2
3.0405417 0 1
3.0409761 2 1
3.0409761 0 1
3.0409761 -2 1
3.04394 1 2
3.04394 -1 2
3.0439401 3 2
3.0439401 1 2
3.0439401 -3 2
3.0439401 -1 2
3.044928 2 3
3.044928 0 3
3.044928 -2 3
3.0450793 0 3
3.0461332 -1 4
3.0461332 1 4
3.0471213 0 5
3.9480029 1 2
3.9480029 -1 2

0 0 2
0.74389553 1 1
0.74389553 -1 1
0.7478427 1 3
0.7478427 -1 3
1.4897699 0 2
1.4937118 2 2
1.4937118 0 2
1.4937118 -2 2
1.4956828 0 4
2.2376151 1 1
2.2376151 -1 1
2.2415519 1 3
2.2415519 -1 3
2.4886045 1 1
2.4886045 -1 1
2.4947422 1 3
2.4947422 -1 3
2.9874236 0 2
3.2348466 2 2
3.2348466 0 2
3.2348466 -2 2
3.2348581 0 2
3.2402343 0 2
3.2402383 2 2
3.2402383 0 2
3.2402383 -2 2
3.2425812 0 4
3.2425849 2 4
3.2425849 0 4
3.2425849 -2 4
3.9809216 1 3
3.9809216 -1 3
3.9823059 3 1
3.9823059 1 1
3.9823059 -1 1
3.9823059 -3 1
3.9823299 1 1
3.9823299 -1 1
3.9845182 1 1
3.9845182 -1 1

0 0 1
0.0029797445 1 2
0.0029797445 -1 2
0.0039730157 0 3
1.5192715 1 2
1.5192715 -1 2
1.5201591 0 1
1.5201591 2 1
1.5201591 -2 1
1.5201764 0 1
1.5234719 1 2
1.5234719 -1 2
1.5245592 0 3
1.5245649 2 3
1.5245649 0 3
1.5245649 -2 3
1.5255553 1 4
1.5255553 -1 4
3.0386262 0 3
3.0395504 1 2
3.0395504 -1 2
3.0405407 0 1
3.0409761 2 1
3.0409761 0 1
3.0409761 -2 1
3.0439473 1 2
3.0439473 -1 2
3.0439473 1 2
3.0439473 -3 2
3.0439473 3 2
3.0439473 -1 2
3.0449377 2 3
3.0449377 0 3
3.0449377 -2 3
3.0450893 0 3
3.0461457 1 4
3.0461457 -1 4
3.0471362 0 5
3.9479919 1 2
3.9479919 -1 2

0 0 2
0.74388834 -1 1
0.74388834 1 1
0.7478451 1 3
0.7478451 -1 3
1.4897603 0 2
1.4937118 0 2
1.4937118 2 2
1.4937118 -2 2
1.4956876 0 4
2.237608 1 1
2.237608 -1 1
2.2415543 1 3
2.2415543 -1 3
2.4885934 1 1
2.4885934 -1 1
2.4947459 1 3
2.4947459 -1 3
2.9874236 0 2
3.234834 2 2
3.234834 0 2
3.234834 -2 2
3.2348455 0 2
3.2402347 0 2
3.2402387 2 2
3.2402387 0 2
3.2402387 -2 2
3.2425873 0 4
3.242591 2 4
3.242591 0 4
3.242591 -2 4
3.9809071 1 3
3.9809071 -1 3
3.9822947 -1 1
3.9822947 1 1
3.9822947 -3 1
3.9822947 3 1
3.9823188 1 1
3.9823188 -1 1
3.9845123 1 1
3.9845123 -1 1

0 0 1
0.0029869886 -1 2
0.0029869886 1 2
0.0039826746 0 3
1.5192686 -1 2
1.5192686 1 2
1.5201584 -2 1
1.5201584 2 1
1.5201584 0 1
1.5201757 0 1
1.5234791 -1 2
1.5234791 1 2
1.5245691 0 3
1.5245749 0 3
1.5245749 -2 3
1.5245749 2 3
1.5255677 1 4
1.5255677 -1 4
3.0386205 0 3
3.039547 -1 2
3.039547 1 2
3.0405397 0 1
3.0409762 0 1
3.0409762 -2 1
3.0409762 2 1
3.0439545 1 2
3.0439545 -1 2
3.0439545 1 2
3.0439545 -1 2
3.0439545 3 2
3.0439545 -3 2
3.0449473 0 3
3.0449473 -2 3
3.0449473 2 3
3.0450993 0 3
3.0461583 1 4
3.0461583 -1 4
3.0471512 0 5
3.9479809 1 2
3.9479809 -1 2

0 0 2
0.74388112 -1 1
0.74388112 1 1
0.74784751 -1 3
0.74784751 1 3
1.4897507 0 2
1.4937118 -2 2
1.4937118 0 2
1.4937118 2 2
1.4956924 0 4
2.2376008 -1 1
2.2376008 1 1
2.2415567 -1 3
2.2415567 1 3
2.4885822 -1 1
2.4885822 1 1
2.4947496 1 3
2.4947496 -1 3
2.9874236 0 2
3.2348213 -2 2
3.2348213 0 2
3.2348213 2 2
3.2348329 0 2
3.2402351 0 2
3.2402391 0 2
3.2402391 2 2
3.2402391 -2 2
3.2425934 0 4
3.2425971 0 4
3.2425971 2 4
3.2425971 -2 4
3.9808925 -1 3
3.9808925 1 3
3.9822835 -1 1
3.9822835 -3 1
3.9822835 3 1
3.9822835 1 1
3.9823077 1 1
3.9823077 -1 1
3.9845065 1 1
3.9845065 -1 1

0 0 1
0.0029942679 -1 2
0.0029942679 1 2
0.0039923805 0 3
1.5192656 -1 2
1.5192656 1 2
1.5201576 -2 1
1.5201576 0 1
1.5201576 2 1
1.520175 0 1
1.5234864 -1 2
1.5234864 1 2
1.5245791 0 3
1.5245848 -2 3
1.5245848 0 3
1.5245848 2 3
1.5255801 1 4
1.5255801 -1 4
3.0386149 0 3
3.0395436 -1 2
3.0395436 1 2
3.0405387 0 1
3.0409762 -2 1
3.0409762 0 1
3.0409762 2 1
3.0439618 -1 2
3.0439618 1 2
3.0439618 -3 2
3.0439618 -1 2
3.0439618 1 2
3.0439618 3 2
3.044957 -2 3
3.044957 0 3
3.044957 2 3
3.0451094 0 3
3.046171 -1 4
3.046171 1 4
3.0471662 0 5
3.9479699 -1 2
3.9479699 1 2

0 0 2
0.74387386 -1 1
0.74387386 1 1
0.74784993 -1 3
0.74784993 1 3
1.4897411 0 2
1.4937118 -2 2
1.4937118 0 2
1.4937118 2 2
1.4956972 0 4
2.2375936 -1 1
2.2375936 1 1
2.2415591 -1 3
2.2415591 1 3
2.4885709 -1 1
2.4885709 1 1
2.4947534 1 3
2.4947534 -1 3
2.9874236 0 2
3.2348085 -2 2
3.2348085 0 2
3.2348085 2 2
3.2348202 0 2
3.2402355 0 2
3.2402396 -2 2
3.2402396 0 2
3.2402396 2 2
3.2425996 0 4
3.2426033 -2 4
3.2426033 2 4
3.2426033 0 4
3.9808779 -1 3
3.9808779 1 3
3.9822722 -3 1
3.9822722 -1 1
3.9822722 1 1
3.9822722 3 1
3.9822965 -1 1
3.9822965 1 1
3.9845006 1 1
3.9845006 -1 1

0 0 1
0.0030015827 -1 2
0.0030015827 1 2
0.0040021338 0 3
1.5192627 -1 2
1.5192627 1 2
1.5201568 -2 1
1.5201568 0 1
1.5201568 2 1
1.5201743 0 1
1.5234938 -1 2
1.5234938 1 2
1.5245891 0 3
1.5245949 -2 3
1.5245949 0 3
1.5245949 2 3
1.5255925 -1 4
1.5255925 1 4
3.0386091 0 3
3.0395401 -1 2
3.0395401 1 2
3.0405377 0 1
3.0409763 -2 1
3.0409763 0 1
3.0409763 2 1
3.0439691 -1 2
3.0439691 1 2
3.0439691 -3 2
3.0439691 -1 2
3.0439691 1 2
3.0439691 3 2
3.0449667 -2 3
3.0449667 0 3
3.0449667 2 3
3.0451195 0 3
3.0461837 -1 4
3.0461837 1 4
3.0471813 0 5
3.9479588 -1 2
3.9479588 1 2

0 0 2
0.74386657 -1 1
0.74386657 1 1
0.74785236 -1 3
0.74785236 1 3
1.4897314 0 2
1.4937118 -2 2
1.4937118 0 2
1.4937118 2 2
1.4957021 0 4
2.2375863 -1 1
2.2375863 1 1
2.2415615 -1 3
2.2415615 1 3
2.4885596 -1 1
2.4885596 1 1
2.4947572 -1 3
2.4947572 1 3
2.9874236 0 2
3.2347957 -2 2
3.2347957 0 2
3.2347957 2 2
3.2348074 0 2
3.240236 0 2
3.24024 -2 2
3.24024 0 2
3.24024 2 2
3.2426058 0 4
3.2426095 -2 4
3.2426095 0 4
3.2426095 2 4
3.9808631 -1 3
3.9808631 1 3
3.9822608 -3 1
3.9822608 -1 1
3.9822608 1 1
3.9822608 3 1
3.9822853 -1 1
3.9822853 1 1
3.9844948 -1 1
3.9844948 1 1

0 0 1
0.0030089334 -1 2
0.0030089334 1 2
0.0040119348 0 3
1.5192597 -1 2
1.5192597 1 2
1.520156 -2 1
1.520156 0 1
1.520156 2 1
1.5201736 0 1
1.5235011 -1 2
1.5235011 1 2
1.5245991 0 3
1.5246049 -2 3
1.5246049 0 3
1.5246049 2 3
1.525605 -1 4
1.525605 1 4
3.0386034 0 3
3.0395367 -1 2
3.0395367 1 2
3.0405366 0 1
3.0409763 -2 1
3.0409763 0 1
3.0409763 2 1
3.0439765 -1 2
3.0439765 1 2
3.0439765 -3 2
3.0439765 -1 2
3.0439765 1 2
3.0439765 3 2
3.0449765 -2 3
3.0449765 0 3
3.0449765 2 3
3.0451296 0 3
3.0461964 -1 4
3.0461964 1 4
3.0471965 0 5
3.9479476 -1 2
3.9479476 1 2

0 0 2
0.74385924 -1 1
0.74385924 1 1
0.7478548 -1 3
0.7478548 1 3
1.4897216 0 2
1.4937118 -2 2
1.4937118 0 2
1.4937118 2 2
1.4957069 0 4
2.237579 -1 1
2.237579 1 1
2.2415639 -1 3
2.2415639 1 3
2.4885483 -1 1
2.4885483 1 1
2.494761 -1 3
2.494761 1 3
2.9874236 0 2
3.2347828 -2 2
3.2347828 0 2
3.2347828 2 2
3.2347946 0 2
3.2402364 0 2
3.2402404 -2 2
3.2402404 0 2
3.2402404 2 2
3.242612 0 4
3.2426158 -2 4
3.2426158 0 4
3.2426158 2 4
3.9808483 -1 3
3.9808483 1 3
3.9822494 -3 1
3.9822494 -1 1
3.9822494 1 1
3.9822494 3 1
3.982274 -1 1
3.982274 1 1
3.9844888 -1 1
3.9844888 1 1

0 0 1
0.0030163201 -1 2
0.0030163201 1 2
0.004021784 0 3
1.5192567 -1 2
1.5192567 1 2
1.5201552 -2 1
1.5201552 0 1
1.5201552 2 1
1.5201729 0 1
1.5235086 -1 2
1.5235086 1 2
1.5246092 0 3
1.524615 -2 3
1.524615 0 3
1.524615 2 3
1.5256176 -1 4
1.5256176 1 4
3.0385976 0 3
3.0395332 -1 2
3.0395332 1 2
3.0405356 0 1
3.0409764 -2 1
3.0409764 0 1
3.0409764 2 1
3.0439839 -1 2
3.0439839 1 2
3.0439839 -3 2
3.0439839 -1 2
3.0439839 1 2
3.0439839 3 2
3.0449864 -2 3
3.0449864 0 3
3.0449864 2 3
3.0451399 0 3
3.0462093 -1 4
3.0462093 1 4
3.0472118 0 5
3.9479364 -1 2
3.9479364 1 2

0 0 2
0.74385187 -1 1
0.74385187 1 1
0.74785726 -1 3
0.74785726 1 3
1.4897118 0 2
1.4937118 -2 2
1.4937118 0 2
1.4937118 2 2
1.4957118 0 4
2.2375717 -1 1
2.2375717 1 1
2.2415664 -1 3
2.2415664 1 3
2.4885369 -1 1
2.4885369 1 1
2.4947648 -1 3
2.4947648 1 3
2.9874236 0 2
3.2347699 -2 2
3.2347699 0 2
3.2347699 2 2
3.2347817 0 2
3.2402368 0 2
3.2402409 -2 2
3.2402409 0 2
3.2402409 2 2
3.2426182 0 4
3.242622 -2 4
3.242622 0 4
3.242622 2 4
3.9808335 -1 3
3.9808335 1 3
3.982238 -3 1
3.982238 -1 1
3.982238 1 1
3.982238 3 1
3.9822627 -1 1
3.9822627 1 1
3.9844829 -1 1
3.9844829 1 1

0 0 1
0.0030237431 -1 2
0.0030237431 1 2
0.0040316815 0 3
1.5192537 -1 2
1.5192537 1 2
1.5201544 -2 1
1.5201544 0 1
1.5201544 2 1
1.5201722 0 1
1.523516 -1 2
1.523516 1 2
1.5246193 0 3
1.5246252 -2 3
1.5246252 0 3
1.5246252 2 3
1.5256302 -1 4
1.5256302 1 4
3.0385919 0 3
3.0395297 -1 2
3.0395297 1 2
3.0405346 0 1
3.0409764 -2 1
3.0409764 0 1
3.0409764 2 1
3.0439913 -1 2
3.0439913 1 2
3.0439913 -3 2
3.0439913 -1 2
3.0439913 1 2
3.0439913 3 2
3.0449963 -2 3
3.0449963 0 3
3.0449963 2 3
3.0451501 0 3
3.0462221 -1 4
3.0462221 1 4
3.0472272 0 5
3.9479251 -1 2
3.9479251 1 2

0 0 2
0.74384447 -1 1
0.74384447 1 1
0.74785972 -1 3
0.74785972 1 3
1.489702 0 2
1.4937118 -2 2
1.4937118 0 2
1.4937118 2 2
1.4957168 0 4
2.2375644 -1 1
2.2375644 1 1
2.2415688 -1 3
2.2415688 1 3
2.4885254 -1 1
2.4885254 1 1
2.4947686 -1 3
2.4947686 1 3
2.9874236 0 2
3.2347569 -2 2
3.2347569 0 2
3.2347569 2 2
3.2347687 0 2
3.2402372 0 2
3.2402413 -2 2
3.2402413 0 2
3.2402413 2 2
3.2426245 0 4
3.2426283 -2 4
3.2426283 0 4
3.2426283 2 4
3.9808185 -1 3
3.9808185 1 3
3.9822264 -3 1
3.9822264 -1 1
3.9822264 1 1
3.9822264 3 1
3.9822513 -1 1
3.9822513 1 1
3.9844769 -1 1
3.9844769 1 1

0 0 1
0.0030312028 -1 2
0.0030312028 1 2
0.0040416279 0 3
1.5192507 -1 2
1.5192507 1 2
1.5201536 -2 1
1.5201536 0 1
1.5201536 2 1
1.5201714 0 1
1.5235235 -1 2
1.5235235 1 2
1.5246295 0 3
1.5246354 -2 3
1.5246354 0 3
1.5246354 2 3
1.5256429 -1 4
1.5256429 1 4
3.038586 0 3
3.0395262 -1 2
3.0395262 1 2
3.0405335 0 1
3.0409765 -2 1
3.0409765 0 1
3.0409765 2 1
3.0439988 -1 2
3.0439988 1 2
3.0439988 -3 2
3.0439988 -1 2
3.0439988 1 2
3.0439988 3 2
3.0450062 -2 3
3.0450062 0 3
3.0450062 2 3
3.0451604 0 3
3.0462351 -1 4
3.0462351 1 4
3.0472426 0 5
3.9479138 -1 2
3.9479138 1 2

0 0 2
0.74383703 -1 1
0.74383703 1 1
0.7478622 -1 3
0.7478622 1 3
1.4896921 0 2
1.4937118 -2 2
1.4937118 0 2
1.4937118 2 2
1.4957217 0 4
2.237557 -1 1
2.237557 1 1
2.2415713 -1 3
2.2415713 1 3
2.4885139 -1 1
2.4885139 1 1
2.4947724 -1 3
2.4947724 1 3
2.9874236 0 2
3.2347438 -2 2
3.2347438 0 2
3.2347438 2 2
3.2347557 0 2
3.2402376 0 2
3.2402418 -2 2
3.2402418 0 2
3.2402418 2 2
3.2426308 0 4
3.2426347 -2 4
3.2426347 0 4
3.2426347 2 4
3.9808035 -1 3
3.9808035 1 3
3.9822149 -3 1
3.9822149 -1 1
3.9822149 1 1
3.9822149 3 1
3.9822399 -1 1
3.9822399 1 1
3.9844709 -1 1
3.9844709 1 1

0 0 1
0.0030386993 -1 2
0.0030386993 1 2
0.0040516234 0 3
1.5192477 -1 2
1.5192477 1 2
1.5201528 -2 1
1.5201528 0 1
1.5201528 2 1
1.5201707 0 1
1.523531 -1 2
1.523531 1 2
1.5246398 0 3
1.5246457 -2 3
1.5246457 0 3
1.5246457 2 3
1.5256556 -1 4
1.5256556 1 4
3.0385802 0 3
3.0395226 -1 2
3.0395226 1 2
3.0405325 0 1
3.0409765 -2 1
3.0409765 0 1
3.0409765 2 1
3.0440063 -1 2
3.0440063 1 2
3.0440063 -3 2
3.0440063 -1 2
3.0440063 1 2
3.0440063 3 2
3.0450162 -2 3
3.0450162 0 3
3.0450162 2 3
3.0451708 0 3
3.0462481 -1 4
3.0462481 1 4
3.0472581 0 5
3.9479024 -1 2
3.9479024 1 2

0 0 2
0.74382956 -1 1
0.74382956 1 1
0.7478647 -1 3
0.7478647 1 3
1.4896822 0 2
1.4937118 -2 2
1.4937118 0 2
1.4937118 2 2
1.4957267 0 4
2.2375495 -1 1
2.2375495 1 1
2.2415738 -1 3
2.2415738 1 3
2.4885023 -1 1
2.4885023 1 1
2.4947763 -1 3
2.4947763 1 3
2.9874236 0 2
3.2347307 -2 2
3.2347307 0 2
3.2347307 2 2
3.2347427 0 2
3.2402381 0 2
3.2402422 -2 2
3.2402422 0 2
3.2402422 2 2
3.2426371 0 4
3.242641 -2 4
3.242641 0 4
3.242641 2 4
3.9807884 -1 3
3.9807884 1 3
3.9822032 -3 1
3.9822032 -1 1
3.9822032 1 1
3.9822032 3 1
3.9822284 -1 1
3.9822284 1 1
3.9844648 -1 1
3.9844648 1 1

0 0 1
0.003046233 -1 2
0.003046233 1 2
0.0040616685 0 3
1.5192446 -1 2
1.5192446 1 2
1.5201519 -2 1
1.5201519 0 1
1.5201519 2 1
1.52017 0 1
1.5235386 -1 2
1.5235386 1 2
1.52465 0 3
1.524656 -2 3
1.524656 0 3
1.524656 2 3
1.5256685 -1 4
1.5256685 1 4
3.0385743 0 3
3.0395191 -1 2
3.0395191 1 2
3.0405314 0 1
3.0409766 -2 1
3.0409766 0 1
3.0409766 2 1
3.0440138 -1 2
3.0440138 1 2
3.0440138 -3 2
3.0440138 -1 2
3.0440138 1 2
3.0440138 3 2
3.0450262 -2 3
3.0450262 0 3
3.0450262 2 3
3.0451812 0 3
3.0462612 -1 4
3.0462612 1 4
3.0472737 0 5
3.947891 -1 2
3.947891 1 2

0 0 2
0.74382205 -1 1
0.74382205 1 1
0.7478672 -1 3
0.7478672 1 3
1.4896722 0 2
1.4937118 -2 2
1.4937118 0 2
1.4937118 2 2
1.4957317 0 4
2.2375421 -1 1
2.2375421 1 1
2.2415763 -1 3
2.2415763 1 3
2.4884907 -1 1
2.4884907 1 1
2.4947802 -1 3
2.4947802 1 3
2.9874236 0 2
3.2347175 -2 2
3.2347175 0 2
3.2347175 2 2
3.2347295 0 2
3.2402385 0 2
3.2402427 -2 2
3.2402427 0 2
3.2402427 2 2
3.2426435 0 4
3.2426474 -2 4
3.2426474 0 4
3.2426474 2 4
3.9807732 -1 3
3.9807732 1 3
3.9821916 -3 1
3.9821916 -1 1
3.9821916 1 1
3.9821916 3 1
3.9822168 -1 1
3.9822168 1 1
3.9844588 -1 1
3.9844588 1 1

0 0 1
0.003053804 -1 2
0.003053804 1 2
0.0040717635 0 3
1.5192416 -1 2
1.5192416 1 2
1.5201511 -2 1
1.5201511 0 1
1.5201511 2 1
1.5201693 0 1
1.5235462 -1 2
1.5235462 1 2
1.5246604 0 3
1.5246664 -2 3
1.5246664 0 3
1.5246664 2 3
1.5256813 -1 4
1.5256813 1 4
3.0385684 0 3
3.0395155 -1 2
3.0395155 1 2
3.0405304 0 1
3.0409766 -2 1
3.0409766 0 1
3.0409766 2 1
3.0440214 -1 2
3.0440214 1 2
3.0440214 -3 2
3.0440214 -1 2
3.0440214 1 2
3.0440214 3 2
3.0450363 -2 3
3.0450363 0 3
3.0450363 2 3
3.0451917 0 3
3.0462744 -1 4
3.0462744 1 4
3.0472893 0 5
3.9478795 -1 2
3.9478795 1 2

0 0 2
0.7438145 -1 1
0.7438145 1 1
0.74786972 -1 3
0.74786972 1 3
1.4896621 0 2
1.4937118 -2 2
1.4937118 0 2
1.4937118 2 2
1.4957367 0 4
2.2375345 -1 1
2.2375345 1 1
2.2415788 -1 3
2.2415788 1 3
2.488479 -1 1
2.488479 1 1
2.4947841 -1 3
2.4947841 1 3
2.9874236 0 2
3.2347042 -2 2
3.2347042 0 2
3.2347042 2 2
3.2347163 0 2
3.2402389 0 2
3.2402431 -2 2
3.2402431 0 2
3.2402431 2 2
3.2426499 0 4
3.2426538 -2 4
3.2426538 0 4
3.2426538 2 4
3.980758 -1 3
3.980758 1 3
3.9821798 -3 1
3.9821798 -1 1
3.9821798 1 1
3.9821798 3 1
3.9822052 -1 1
3.9822052 1 1
3.9844527 -1 1
3.9844527 1 1

0 0 1
0.0030614128 -1 2
0.0030614128 1 2
0.0040819087 0 3
1.5192385 -1 2
1.5192385 1 2
1.5201503 -2 1
1.5201503 0 1
1.5201503 2 1
1.5201685 0 1
1.5235538 -1 2
1.5235538 1 2
1.5246708 0 3
1.5246768 -2 3
1.5246768 0 3
1.5246768 2 3
1.5256943 -1 4
1.5256943 1 4
3.0385625 0 3
3.0395119 -1 2
3.0395119 1 2
3.0405293 0 1
3.0409767 -2 1
3.0409767 0 1
3.0409767 2 1
3.044029 -1 2
3.044029 1 2
3.044029 -3 2
3.044029 -1 2
3.044029 1 2
3.044029 3 2
3.0450464 -2 3
3.0450464 0 3
3.0450464 2 3
3.0452022 0 3
3.0462876 -1 4
3.0462876 1 4
3.0473051 0 5
3.9478679 -1 2
3.9478679 1 2

0 0 2
0.74380691 -1 1
0.74380691 1 1
0.74787225 -1 3
0.74787225 1 3
1.489652 0 2
1.4937118 -2 2
1.4937118 0 2
1.4937118 2 2
1.4957417 0 4
2.237527 -1 1
2.237527 1 1
2.2415813 -1 3
2.2415813 1 3
2.4884672 -1 1
2.4884672 1 1
2.494788 -1 3
2.494788 1 3
2.9874236 0 2
3.2346909 -2 2
3.2346909 0 2
3.2346909 2 2
3.234703 0 2
3.2402394 0 2
3.2402436 -2 2
3.2402436 0 2
3.2402436 2 2
3.2426564 0 4
3.2426603 -2 4
3.2426603 0 4
3.2426603 2 4
3.9807427 -1 3
3.9807427 1 3
3.982168 -3 1
3.982168 -1 1
3.982168 1 1
3.982168 3 1
3.9821935 -1 1
3.9821935 1 1
3.9844465 -1 1
3.9844465 1 1

0 0 1
0.0030690596 -1 2
0.0030690596 1 2
0.0040921046 0 3
1.5192354 -1 2
1.5192354 1 2
1.5201495 -2 1
1.5201495 0 1
1.5201495 2 1
1.5201678 0 1
1.5235615 -1 2
1.5235615 1 2
1.5246812 0 3
1.5246873 -2 3
1.5246873 0 3
1.5246873 2 3
1.5257073 -1 4
1.5257073 1 4
3.0385565 0 3
3.0395083 -1 2
3.0395083 1 2
3.0405282 0 1
3.0409767 -2 1
3.0409767 0 1
3.0409767 2 1
3.0440366 -1 2
3.0440366 1 2
3.0440366 -3 2
3.0440366 -1 2
3.0440366 1 2
3.0440366 3 2
3.0450566 -2 3
3.0450566 0 3
3.0450566 2 3
3.0452128 0 3
3.0463008 -1 4
3.0463008 1 4
3.0473209 0 5
3.9478563 -1 2
3.9478563 1 2

0 0 2
0.74379929 -1 1
0.74379929 1 1
0.74787479 -1 3
0.74787479 1 3
1.4896419 0 2
1.4937118 -2 2
1.4937118 0 2
1.4937118 2 2
1.4957468 0 4
2.2375194 -1 1
2.2375194 1 1
2.2415838 -1 3
2.2415838 1 3
2.4884554 -1 1
2.4884554 1 1
2.494792 -1 3
2.494792 1 3
2.9874236 0 2
3.2346775 -2 2
3.2346775 0 2
3.2346775 2 2
3.2346897 0 2
3.2402398 0 2
3.240244 -2 2
3.240244 0 2
3.240244 2 2
3.2426628 0 4
3.2426668 -2 4
3.2426668 0 4
3.2426668 2 4
3.9807273 -1 3
3.9807273 1 3
3.9821561 -3 1
3.9821561 -1 1
3.9821561 1 1
3.9821561 3 1
3.9821818 -1 1
3.9821818 1 1
3.9844404 -1 1
3.9844404 1 1

0 0 1
0.0030767446 -1 2
0.0030767446 1 2
0.0041023515 0 3
1.5192323 -1 2
1.5192323 1 2
1.5201486 -2 1
1.5201486 0 1
1.5201486 2 1
1.5201671 0 1
1.5235692 -1 2
1.5235692 1 2
1.5246917 0 3
1.5246978 -2 3
1.5246978 0 3
1.5246978 2 3
1.5257204 -1 4
1.5257204 1 4
3.0385505 0 3
3.0395047 -1 2
3.0395047 1 2
3.0405272 0 1
3.0409768 -2 1
3.0409768 0 1
3.0409768 2 1
3.0440443 -1 2
3.0440443 1 2
3.0440443 -3 2
3.0440443 -1 2
3.0440443 1 2
3.0440443 3 2
3.0450669 -2 3
3.0450669 0 3
3.0450669 2 3
3.0452234 0 3
3.0463142 -1 4
3.0463142 1 4
3.0473368 0 5
3.9478447 -1 2
3.9478447 1 2

0 0 2
0.74379162 -1 1
0.74379162 1 1
0.74787734 -1 3
0.74787734 1 3
1.4896317 0 2
1.4937118 -2 2
1.4937118 0 2
1.4937118 2 2
1.4957519 0 4
2.2375118 -1 1
2.2375118 1 1
2.2415864 -1 3
2.2415864 1 3
2.4884436 -1 1
2.4884436 1 1
2.4947959 -1 3
2.4947959 1 3
2.9874236 0 2
3.234664 -2 2
3.234664 0 2
3.234664 2 2
3.2346763 0 2
3.2402402 0 2
3.2402445 -2 2
3.2402445 0 2
3.2402445 2 2
3.2426693 0 4
3.2426733 -2 4
3.2426733 0 4
3.2426733 2 4
3.9807118 -1 3
3.9807118 1 3
3.9821442 -3 1
3.9821442 -1 1
3.9821442 1 1
3.9821442 3 1
3.98217 -1 1
3.98217 1 1
3.9844342 -1 1
3.9844342 1 1

0 0 1
0.0030844682 -1 2
0.0030844682 1 2
0.0041126498 0 3
1.5192292 -1 2
1.5192292 1 2
1.5201478 -2 1
1.5201478 0 1
1.5201478 2 1
1.5201663 0 1
1.5235769 -1 2
1.5235769 1 2
1.5247023 0 3
1.5247084 -2 3
1.5247084 0 3
1.5247084 2 3
1.5257335 -1 4
1.5257335 1 4
3.0385445 0 3
3.0395011 -1 2
3.0395011 1 2
3.0405261 0 1
3.0409768 -2 1
3.0409768 0 1
3.0409768 2 1
3.0440521 -1 2
3.0440521 1 2
3.0440521 -3 2
3.0440521 -1 2
3.0440521 1 2
3.0440521 3 2
3.0450772 -2 3
3.0450772 0 3
3.0450772 2 3
3.0452341 0 3
3.0463276 -1 4
3.0463276 1 4
3.0473528 0 5
3.9478329 -1 2
3.9478329 1 2

0 0 2
0.74378392 -1 1
0.74378392 1 1
0.74787991 -1 3
0.74787991 1 3
1.4896215 0 2
1.4937118 -2 2
1.4937118 0 2
1.4937118 2 2
1.495757 0 4
2.2375041 -1 1
2.2375041 1 1
2.2415889 -1 3
2.2415889 1 3
2.4884317 -1 1
2.4884317 1 1
2.4947999 -1 3
2.4947999 1 3
2.9874236 0 2
3.2346505 -2 2
3.2346505 0 2
3.2346505 2 2
3.2346628 0 2
3.2402407 0 2
3.2402449 -2 2
3.2402449 0 2
3.2402449 2 2
3.2426759 0 4
3.2426798 -2 4
3.2426798 0 4
3.2426798 2 4
3.9806963 -1 3
3.9806963 1 3
3.9821322 -3 1
3.9821322 -1 1
3.9821322 1 1
3.9821322 3 1
3.9821581 -1 1
3.9821581 1 1
3.984428 -1 1
3.984428 1 1

