#           1            2            3            4            5            6            7            8 
#           T        SZ2f0         SdSd         SdSf          flm          n_d          n_f          s^2 
      1.03535        0.125     0.375905 -0.000111421     0.501207            1            1     0.375905 
     0.654814        0.125      0.37643 -0.000251331     0.501907            1            1      0.37643 
     0.414141        0.125     0.377259 -0.000554139     0.503012            1            1     0.377259 
     0.261926        0.125     0.378563  -0.00107991      0.50475            1            1     0.378563 
     0.165656        0.125     0.380608  -0.00183219     0.507478            1            1     0.380608 
      0.10477        0.125     0.383803  -0.00278632     0.511737            1            1     0.383803 
    0.0662625        0.125     0.388751  -0.00393135     0.518335            1            1     0.388751 
    0.0419081        0.125     0.396332  -0.00526426     0.528442            1            1     0.396332 
     0.026505        0.125     0.407725   -0.0067641     0.543634            1            1     0.407725 
    0.0167632        0.125     0.424243   -0.0084038     0.565657            1            1     0.424243 
     0.010602     0.125001     0.447022   -0.0101224     0.596029            1            1     0.447022 
    0.0067053     0.125001     0.475728   -0.0118265     0.634304            1            1     0.475728 
    0.0042408     0.125002     0.506958   -0.0133738     0.675944            1            1     0.506958 
   0.00268212     0.125002     0.534165   -0.0146248     0.712219            1            1     0.534165 
   0.00169632     0.125003     0.550868   -0.0155405      0.73449            1            1     0.550868 
   0.00107285     0.125004     0.556051   -0.0161971     0.741401            1            1     0.556051 
  0.000678528     0.125004     0.553968   -0.0167065     0.738624            1            1     0.553968 
  0.000429139     0.125004     0.549141    -0.017118     0.732188            1            1     0.549141 
  0.000271411     0.125005     0.544182   -0.0174412     0.725576            1            1     0.544182 
  0.000171656     0.125005     0.540254   -0.0176718     0.720339            1            1     0.540254 
  0.000108565     0.125005     0.537618   -0.0178195     0.716823            1            1     0.537618 
  6.86622e-05     0.125005     0.536115   -0.0179018      0.71482            1            1     0.536115 
  4.34258e-05     0.125005     0.535355   -0.0179429     0.713807            1            1     0.535355 
  2.74649e-05     0.125005     0.535011   -0.0179614     0.713348            1            1     0.535011 
  1.73703e-05     0.125005     0.534864   -0.0179693     0.713153            1            1     0.534864 
   1.0986e-05     0.125005     0.534804   -0.0179726     0.713072            1            1     0.534804 
  6.94813e-06     0.125005      0.53478   -0.0179739     0.713039            1            1      0.53478 
  4.39438e-06     0.125005      0.53477   -0.0179744     0.713026            1            1      0.53477 
  2.77925e-06     0.125005     0.534766   -0.0179746     0.713021            1            1     0.534766 
  1.75775e-06     0.125005     0.534764   -0.0179747     0.713019            1            1     0.534764 
   1.1117e-06     0.125005     0.534764   -0.0179747     0.713018            1            1     0.534764 
  7.03101e-07     0.125005     0.534763   -0.0179748     0.713018            1            1     0.534763 
   4.4468e-07     0.125005     0.534763   -0.0179748     0.713018            1            1     0.534763 
   2.8124e-07     0.125005     0.534763   -0.0179748     0.713018            1            1     0.534763 
  1.77872e-07     0.125005     0.534763   -0.0179748     0.713018            1            1     0.534763 
  1.12496e-07     0.125005     0.534763   -0.0179748     0.713018            1            1     0.534763 
  7.11488e-08     0.125005     0.534763   -0.0179748     0.713018            1            1     0.534763 
  4.49985e-08     0.125005     0.534763   -0.0179748     0.713018            1            1     0.534763 
  2.84595e-08     0.125005     0.534763   -0.0179748     0.713018            1            1     0.534763 
  1.79994e-08     0.125005     0.534763   -0.0179748     0.713018            1            1     0.534763 
  1.13838e-08     0.125005     0.534763   -0.0179748     0.713018            1            1     0.534763 
  7.19976e-09     0.125005     0.534763   -0.0179748     0.713018            1            1     0.534763 
  4.55353e-09     0.125005     0.534763   -0.0179748     0.713018            1            1     0.534763 
   2.8799e-09     0.125005     0.534763   -0.0179748     0.713018            1            1     0.534763 
  1.82141e-09     0.125005     0.534763   -0.0179748     0.713018            1            1     0.534763 
  1.15196e-09     0.125005     0.534763   -0.0179748     0.713018            1            1     0.534763 
  7.28564e-10     0.125005     0.534763   -0.0179748     0.713018            1            1     0.534763 
  4.60784e-10     0.125005     0.534763   -0.0179748     0.713018            1            1     0.534763 
  2.91426e-10     0.125005     0.534763   -0.0179748     0.713018            1            1     0.534763 
  1.84314e-10     0.125005     0.534763   -0.0179748     0.713018            1            1     0.534763 
   1.1657e-10     0.125005     0.534763   -0.0179748     0.713018            1            1     0.534763 
  7.37255e-11     0.125005     0.534763   -0.0179748     0.713018            1            1     0.534763 
  4.66281e-11     0.125005     0.534763   -0.0179748     0.713018            1            1     0.534763 
  2.94902e-11     0.125005     0.534763   -0.0179748     0.713018            1            1     0.534763 
  1.86512e-11     0.125005     0.534763   -0.0179748     0.713018            1            1     0.534763 
  1.17961e-11     0.125005     0.534763   -0.0179748     0.713018            1            1     0.534763 
   7.4605e-12     0.125005     0.534763   -0.0179748     0.713018            1            1     0.534763 
  4.71843e-12     0.125005     0.534763   -0.0179748     0.713018            1            1     0.534763 
   2.9842e-12     0.125005     0.534763   -0.0179748     0.713018            1            1     0.534763 
  1.88737e-12     0.125005     0.534763   -0.0179748     0.713018            1            1     0.534763 
  1.19368e-12     0.125005     0.534763   -0.0179748     0.713018            1            1     0.534763 
  7.54949e-13     0.125005     0.534763   -0.0179748     0.713018            1            1     0.534763 
  4.77472e-13     0.125005     0.534763   -0.0179748     0.713018            1            1     0.534763 
   3.0198e-13     0.125005     0.534763   -0.0179748     0.713018            1            1     0.534763 
  1.90989e-13     0.125005     0.534763   -0.0179748     0.713018            1            1     0.534763 
  1.20792e-13     0.125005     0.534763   -0.0179748     0.713018            1            1     0.534763 
  7.63955e-14     0.125005     0.534763   -0.0179748     0.713018            1            1     0.534763 
  4.83167e-14     0.125005     0.534763   -0.0179748     0.713018            1            1     0.534763 
  3.05582e-14     0.125005     0.534763   -0.0179748     0.713018            1            1     0.534763 
  1.93267e-14     0.125005     0.534763   -0.0179748     0.713018            1            1     0.534763 
  1.22233e-14     0.125005     0.534763   -0.0179748     0.713018            1            1     0.534763 
  7.73068e-15     0.125005     0.534763   -0.0179748     0.713018            1            1     0.534763 
  4.88931e-15     0.125005     0.534763   -0.0179748     0.713018            1            1     0.534763 
  3.09227e-15     0.125005     0.534763   -0.0179748     0.713018            1            1     0.534763 
  1.95572e-15     0.125005     0.534763   -0.0179748     0.713018            1            1     0.534763 
  1.23691e-15     0.125005     0.534763   -0.0179748     0.713018            1            1     0.534763 
