#           T       <Sz^2>          <Q>        <Q^2>          <E>        <E^2>            C            F            S 
      1.03535     0.250227            0     0.998497     0.067777   0.00578696   0.00119324     -2.70421      2.77199 
     0.654814     0.339183 -6.33379e-18      1.35292     0.997231      1.54499     0.550519     -2.86383      3.86106 
     0.414141     0.396046  7.28853e-17      1.57816      1.18307      2.78043      1.38078     -3.45339      4.63646 
     0.261926     0.413537  7.94976e-16      1.64466      1.73747      5.27341       2.2546     -3.22793       4.9654 
     0.165656     0.416473 -7.90895e-17      1.65096      1.53335      4.87831      2.52714     -3.48474      5.01809 
      0.10477     0.417088 -6.70974e-16      1.64493      1.79721      5.78384      2.55386     -3.22234      5.01956 
    0.0662625     0.418252 -3.18402e-15      1.63642      1.61205      5.15462      2.55591     -3.39846      5.01051 
    0.0419081     0.419477 -7.90971e-15      1.62117      1.82881      5.91696       2.5724     -3.17257      5.00138 
     0.026505     0.421667 -1.16655e-14       1.5997      1.71947      5.54442      2.58786     -3.26062      4.98008 
    0.0167632     0.424298 -1.53102e-14      1.56633       1.8812      6.16254      2.62361     -3.07057      4.95177 
     0.010602     0.428017 -1.61839e-14      1.52088       1.8452      6.07282      2.66805     -3.05536      4.90056 
    0.0067053     0.431672 -2.00897e-14      1.45989      1.92174      6.42939      2.73632     -2.90603      4.82777 
    0.0042408     0.434524 -1.99246e-14      1.39003      1.92669      6.51026      2.79811     -2.79312      4.71981 
   0.00268212     0.433822 -2.12821e-14      1.31998      1.87004      6.32855       2.8315     -2.72247      4.59251 
   0.00169632     0.428257  -2.4078e-14      1.26445      1.91792      6.48345      2.80502     -2.54219      4.46011 
   0.00107285      0.41705 -2.67405e-14      1.22671      1.75883      5.85204      2.75856     -2.59086      4.34969 
  0.000678528     0.401859 -3.27697e-14      1.20416      1.91474      6.39622      2.72997     -2.34004      4.25478 
  0.000429139     0.383804 -3.72867e-14      1.18979      1.67619      5.53925      2.72963     -2.49208      4.16827 
  0.000271411     0.364814 -4.18312e-14      1.18053      1.91503      6.40484      2.73751     -2.16273      4.07776 
  0.000171656     0.346375 -4.48889e-14      1.17442      1.59009      5.26457      2.73618     -2.39592      3.98601 
  0.000108565     0.330268 -4.79733e-14      1.17004      1.87499      6.23495      2.71937     -2.02332      3.89831 
  6.86622e-05     0.317579 -4.77091e-14      1.16769       1.5004      4.93451      2.68331      -2.3218       3.8222 
  4.34258e-05      0.30826 -4.98888e-14      1.16546      1.82368       5.9729      2.64708     -1.94109      3.76477 
  2.74649e-05     0.302083 -5.14847e-14      1.16488      1.43992       4.6835      2.61012     -2.28209      3.72201 
  1.73703e-05     0.297829 -5.05082e-14      1.16356      1.79278      5.80197      2.58791     -1.90313      3.69591 
   1.0986e-05     0.295331 -4.92847e-14      1.16375      1.41106      4.55826      2.56716     -2.26495      3.67602 
  6.94813e-06     0.293488 -4.58175e-14      1.16279      1.77915      5.72505      2.55966     -1.88742      3.66657 
  4.39438e-06     0.292582 -4.01762e-14      1.16328      1.39898        4.505      2.54785     -2.25802      3.65701 
  2.77925e-06     0.291739 -3.42859e-14      1.16249      1.77361      5.69363      2.54793     -1.88109       3.6547 
  1.75775e-06      0.29148 -3.45287e-14       1.1631      1.39413      4.48396      2.54036     -2.25526      3.64939 
   1.1117e-06     0.291038 -3.53452e-14      1.16237      1.77138      5.68087      2.54308     -1.87855      3.64993 
  7.03101e-07      0.29104 -3.55285e-14      1.16303      1.39219      4.47553      2.53735     -2.25415      3.64634 
   4.4468e-07     0.290758 -3.39778e-14      1.16232      1.77049      5.67584       2.5412     -1.87754      3.64803 
   2.8124e-07     0.290863 -3.15835e-14        1.163      1.39141      4.47216      2.53615     -2.25371      3.64512 
  1.77872e-07     0.290646 -2.65659e-14       1.1623      1.77014      5.67383      2.54045     -1.87713      3.64727 
  1.12496e-07     0.290793 -2.31962e-14      1.16299       1.3911      4.47081      2.53566     -2.25353      3.64463 
  7.11488e-08     0.290601 -2.29951e-14      1.16229         1.77      5.67303      2.54014     -1.87697      3.64697 
  4.49985e-08     0.290765 -2.51157e-14      1.16299      1.39097      4.47027      2.53547     -2.25346      3.64443 
  2.84595e-08     0.290583 -2.63209e-14      1.16229      1.76994      5.67275      2.54006     -1.87691      3.64685 
  1.79994e-08     0.290753 -2.86089e-14      1.16298      1.39092      4.47005      2.53539     -2.25344      3.64436 
  1.13838e-08     0.290576 -2.77733e-14      1.16228      1.76992      5.67262      2.54001     -1.87688       3.6468 
  7.19976e-09     0.290749 -2.49955e-14      1.16298       1.3909      4.46997      2.53536     -2.25342      3.64432 
  4.55353e-09     0.290573 -2.65048e-14      1.16228      1.76991      5.67257      2.53999     -1.87687      3.64678 
   2.8799e-09     0.290748 -3.07644e-14      1.16298      1.39091      4.47018      2.53555     -2.25342      3.64433 
  1.82141e-09     0.290572 -3.53616e-14      1.16228      1.76991      5.67263      2.54004     -1.87687      3.64678 
  1.15196e-09     0.290747 -3.74755e-14      1.16298       1.3909      4.47002      2.53543     -2.25342      3.64431 
  7.28564e-10     0.290571 -4.18779e-14      1.16228      1.76991      5.67262      2.54004     -1.87686      3.64677 
  4.60784e-10     0.290747 -4.75349e-14      1.16298      1.39089      4.47002      2.53543     -2.25342      3.64431 
  2.91426e-10     0.290571 -5.35419e-14      1.16228      1.76991      5.67262      2.54004     -1.87686      3.64677 
  1.84314e-10     0.290747 -5.66975e-14      1.16299       1.3909      4.47017      2.53555     -2.25342      3.64432 
   1.1657e-10     0.290571 -5.72575e-14      1.16228      1.76991      5.67261      2.54004     -1.87686      3.64677 
  7.37255e-11     0.290747 -5.48653e-14      1.16299       1.3909      4.47016      2.53555     -2.25342      3.64432 
  4.66281e-11     0.290571 -5.21318e-14      1.16228      1.76991      5.67261      2.54004     -1.87686      3.64677 
  2.94902e-11     0.290747 -5.32853e-14      1.16299       1.3909      4.47016      2.53555     -2.25342      3.64432 
  1.86512e-11     0.290571 -5.02839e-14      1.16228      1.76991      5.67261      2.54004     -1.87686      3.64677 
  1.17961e-11     0.290747 -4.82697e-14      1.16299       1.3909      4.47016      2.53555     -2.25342      3.64432 
   7.4605e-12     0.290571 -4.41458e-14      1.16228      1.76991      5.67261      2.54004     -1.87686      3.64677 
  4.71843e-12     0.290747 -4.05974e-14      1.16299       1.3909      4.47016      2.53555     -2.25342      3.64432 
   2.9842e-12     0.290571 -3.80277e-14      1.16228      1.76991      5.67261      2.54004     -1.87686      3.64677 
  1.88737e-12     0.290747  -3.6914e-14      1.16299       1.3909      4.47016      2.53555     -2.25342      3.64432 
  1.19368e-12     0.290571 -3.36272e-14      1.16228      1.76991      5.67261      2.54004     -1.87686      3.64677 
  7.54949e-13     0.290747 -3.10181e-14      1.16299       1.3909      4.47016      2.53555     -2.25342      3.64432 
  4.77472e-13     0.290571 -3.52554e-14      1.16228      1.76991      5.67261      2.54004     -1.87686      3.64677 
   3.0198e-13     0.290747 -4.14256e-14      1.16299       1.3909      4.47016      2.53555     -2.25342      3.64432 
  1.90989e-13     0.290571  -4.4505e-14      1.16228      1.76991      5.67261      2.54004     -1.87686      3.64677 
  1.20792e-13     0.290747 -4.43814e-14      1.16299       1.3909      4.47016      2.53555     -2.25342      3.64432 
  7.63955e-14     0.290571 -4.18833e-14      1.16228      1.76991      5.67261      2.54004     -1.87686      3.64677 
  4.83167e-14     0.290747  -4.1793e-14      1.16299       1.3909      4.47016      2.53555     -2.25342      3.64432 
  3.05582e-14     0.290571 -4.33894e-14      1.16228      1.76991      5.67261      2.54004     -1.87686      3.64677 
  1.93267e-14     0.290747 -4.82938e-14      1.16299       1.3909      4.47016      2.53555     -2.25342      3.64432 
  1.22233e-14     0.290571 -5.12647e-14      1.16228      1.76991      5.67261      2.54004     -1.87686      3.64677 
  7.73068e-15     0.290747 -4.86516e-14      1.16299       1.3909      4.47016      2.53555     -2.25342      3.64432 
  4.88931e-15     0.290571 -4.92321e-14      1.16228      1.76991      5.67261      2.54004     -1.87686      3.64677 
  3.09227e-15     0.290747 -5.10187e-14      1.16299       1.3909      4.47016      2.53555     -2.25342      3.64432 
  1.95572e-15     0.290571 -4.77788e-14      1.16228      1.76991      5.67261      2.54004     -1.87686      3.64677 
  1.23691e-15     0.290747 -4.30063e-14      1.16299       1.3909      4.47016      2.53555     -2.25342      3.64432 
