#               T           <Sz^2>              <Q>            <Q^2>              <E>            <E^2>                C                F                S 
      1.442695041      0.354984383                0     0.4977050789      0.219639769    0.05837905399    0.01013742588     -1.854969266      2.074609035 
      1.020139447     0.4527385199                0     0.9128785518     0.8462458444      1.055266751     0.3391347214     -2.441774572      3.288020416 
     0.7213475204     0.5218333336 -7.951051917e-17      1.223984577      1.333256538      2.769868126     0.9922951297      -2.93653146      4.269787998 
     0.5100697233     0.5588607007  3.193720576e-16      1.410318752      1.878140504      5.434146559      1.906734807     -3.066468332      4.944608836 
     0.3606737602     0.5763372728 -7.550053895e-17      1.518573665      2.071679961      6.986238847      2.694380986     -3.293175196      5.364855157 
     0.2550348616     0.5865599667 -1.087134035e-15      1.594458213      2.190457822      7.865405467      3.067299996      -3.42391848      5.614376302 
     0.1803368801        0.5997778  5.730371566e-16      1.677611389      2.205642265      7.933332524      3.068474723     -3.622834713      5.828476978 
     0.1275174308     0.6186784622 -3.412979232e-16      1.779493485      2.233669421      7.954265596      2.964986515     -3.850852342      6.084521763 
    0.09016844006     0.6405038127 -1.033547196e-15      1.894253294      2.333549175        8.3554308      2.909979048     -4.052059582      6.385608757 
    0.06375871541     0.6616493218   1.41458887e-15       2.01016447      2.366619215      8.544308765      2.943422259      -4.33566188      6.702281095 
    0.04508422003     0.6823639202  6.084219215e-15      2.127179187      2.499902782      9.229581751      2.980067834     -4.514269316      7.014172097 
    0.03187935771     0.7022626556  1.542722538e-14      2.246059538      2.501997259      9.258705775      2.998715493     -4.824556083      7.326553342 
    0.02254211001     0.7207503273  2.600773785e-14      2.363931834      2.646089571      10.04153766      3.039747648     -4.987912921      7.634002491 
    0.01593967885      0.738598085  3.578887638e-14       2.48328941      2.627289874      9.951817555      3.049165475     -5.305694712      7.932984586 
    0.01127105501     0.7549172989   4.23929053e-14      2.602179892      2.757466907      10.64208563      3.038461885     -5.467098052      8.224564959 
   0.007969839427     0.7705530779  3.728081447e-14      2.720543282       2.72227334      10.42489423      3.014122092      -5.78120181      8.503475149 
   0.005635527503     0.7851740336  9.638234653e-15      2.837398811      2.812064299      10.82647835      2.918772723     -5.953341203      8.765405503 
   0.003984919713     0.8000808414 -3.996131602e-14      2.953452706      2.751876416      10.38075139      2.807927578     -6.263840005      9.015716421 
   0.002817763752     0.8146246823 -8.496098392e-14      3.065931118      2.789964268      10.40049916      2.616598546     -6.456191441      9.246155708 
   0.001992459857     0.8307312141 -9.118792374e-14      3.175068986      2.700924007      9.715975798      2.420985307     -6.767011215      9.467935222 
   0.001408881876     0.8466947779 -7.120080566e-14      3.282369798      2.689340394      9.378681469      2.146129715     -6.981644165      9.670984559 
  0.0009962299283     0.8651138578 -7.200425053e-14      3.379139859      2.578120018      8.559330136      1.912627309     -7.290716104      9.868836122 
  0.0007044409379      0.881435573  -9.07314388e-14      3.469398888      2.518525841      7.952062523      1.609090109     -7.516867288      10.03539313 
  0.0004981149642     0.9003908698 -1.251599404e-13      3.562106989      2.385989039      7.068640532      1.375696837     -7.813038449      10.19902749 
   0.000352220469     0.9119991846 -1.785425077e-13      3.623439905      2.282621311      6.319029862      1.108669814     -8.032043865      10.31466518 
  0.0002490574821     0.9308983321 -2.071913939e-13      3.706753785      2.135302168      5.473670547     0.9141551994     -8.304267295      10.43956946 
  0.0001761102345     0.9381446763 -1.537003763e-13      3.735496516      2.007883915      4.753493768     0.7218959519     -8.503165489       10.5110494 
   0.000124528741     0.9571650326 -1.431021197e-13      3.818479256      1.856067321      4.023363916     0.5783780157     -8.744764752      10.60083207 
  8.805511724e-05     0.9569277372 -1.067314114e-13      3.816743068      1.722065196      3.419257005     0.4537484675     -8.916060955      10.63812615 
  6.226437052e-05     0.9781827419 -9.381026947e-14      3.903426015      1.576822898      2.843023128     0.3566526766     -9.125711004       10.7025339 
  4.402755862e-05     0.9706735003 -5.126837676e-14      3.875627427      1.448877983      2.379519652     0.2802722437     -9.267506398      10.71638438 
  3.113218526e-05     0.9944008783  -1.69939595e-14      3.967673601       1.31767661       1.95416511     0.2178934607     -9.447520502      10.76519711 
  2.201377931e-05     0.9852522684  1.142056595e-14      3.911708442      1.207161744      1.631198385     0.1739589096     -9.568381453       10.7755432 
  1.556609263e-05      1.006344683  3.372907402e-14      4.015963108      1.088774722      1.318605488     0.1331750919     -9.715923354      10.80469808 
  1.100688966e-05     0.9928839367   0.000584607986      3.969690586      1.002906481      1.115541981     0.1097205712     -9.833312106      10.83621859 
  7.783046315e-06      1.015172278  4.829506037e-14       4.06063371     0.8928659592     0.8790257222    0.08181610107     -9.938583619      10.83144958 
  5.503444828e-06     0.9989160903  0.0006419925235       3.99370829     0.8196148199     0.7395830239    0.06781457088     -10.03602422      10.85563904 
  3.891523157e-06      1.022398138   2.90230283e-14      4.089574261      0.727160968     0.5791869366    0.05042386324     -10.11875167      10.84591263 
  2.751722414e-06      1.003457256   0.000689851222       4.01174965     0.6663916765     0.4861784904    0.04210062384     -10.20127725      10.86766893 
  1.945761579e-06      1.027986817    1.4047944e-14      4.111941273     0.5896759599     0.3789707105     0.0312529728     -10.26517478      10.85485074 
  1.375861207e-06      1.006909598  0.0007293262467      4.025447238     0.5397675581       0.31760578    0.02625676325     -10.33538629      10.87515385 
  9.728807894e-07       1.03233277  6.335254506e-15      4.129329125     0.4766774058     0.2466950306    0.01947368145     -10.38372727      10.86040467 
  6.879306035e-07      1.009557457  0.0007616345163       4.03594391     0.4359716159     0.2065166359    0.01644538595     -10.44385985      10.87983147 
  4.864403947e-07      1.035728972  2.591148795e-14      4.142915253      0.384424411     0.1599731627    0.01219103491     -10.47944865      10.86387306 
  3.439653017e-07      1.011603852  0.0007879304676      4.044051297     0.3513857556     0.1338110298    0.01033908051     -10.53138071      10.88276647 
  2.432201973e-07      1.038394273  3.229394497e-14      4.153576885     0.3094728661     0.1034360537   0.007662598852     -10.55657566      10.86604853 
  1.719826509e-07      1.013195604   0.000809246145      4.050354584     0.2827510145     0.0864692332   0.006521097011      -10.6018635      10.88461452 
  1.216100987e-07      1.040493466   4.11525791e-14        4.1619738     0.2487954398     0.0667316954   0.004832524545     -10.61862267      10.86741811 
  8.599132543e-08      1.014440341   0.000826472736      4.055281921     0.2272380682    0.05576130874   0.004124169097     -10.65854357      10.88578164 
  6.080504934e-08      1.042151706  1.814253591e-14      4.168606801     0.1998050031     0.0429782478   0.003056208534       -10.668478        10.868283 
  4.299566272e-08      1.015417986  0.0008403631112      4.059150848     0.1824471708    0.03590110735   0.002614137228     -10.70407339      10.88652056 
  3.040252467e-08       1.04346481  1.297813713e-14      4.173859231     0.1603306627    0.02764317089   0.001937249506     -10.70849992      10.86883058 
  2.149783136e-08      1.016188596  0.0008515440632       4.06219975     0.1463743795    0.02308551384    0.00166005488     -10.74061496      10.88698934 
  1.520126233e-08      1.044506678  1.020165544e-14      4.178026711     0.1285732954    0.01776135635   0.001230264072      -10.7406047      10.86917799 
  1.074891568e-08      1.016797776  0.0008605321605       4.06460951     0.1173642815    0.01483014967   0.001055775105     -10.76992297      10.88728725 
  7.600631167e-09       1.04533467  9.456569721e-15      4.181338681     0.1030548671     0.0114027775  0.0007824718707     -10.76634391      10.86939878 
  5.374457839e-09      1.017280474   0.000867750065      4.066518647    0.09405992317   0.009519552798  0.0006722836514     -10.79341691      10.88747683 
  3.800315583e-09      1.045993548   9.02447874e-15      4.183974192    0.08256877629   0.007315880102  0.0004982772845     -10.78697051      10.86953928 
   2.68722892e-09      1.017663674   0.000873541784      4.068034071    0.07535528559   0.006106932633  0.0004285135667     -10.81224232       10.8875976 
  1.900157792e-09      1.046518403  7.694728869e-15      4.186073613     0.0661345853   0.004691399603  0.0003176162303     -10.80349421       10.8696288 
   1.34361446e-09      1.017968348  0.0008781862115      4.069238834    0.06035267879   0.003915799293  0.0002733534553     -10.82732194      10.88767462 
  9.500788959e-10      1.046936851  3.819433124e-15      4.187747403    0.05295840492   0.003007211567  0.0002026189153     -10.81672748      10.86968588 
  6.718072299e-10      1.018210885  0.0008819087855      4.070197814     0.0483258223   0.002509872868  0.0001744877672     -10.83939793      10.88772376 
  4.750394479e-10       1.04727069  2.231153095e-15      4.189082762    0.04239910105   0.001927024497  0.0001293407277     -10.82732321      10.86972231 
   3.35903615e-10      1.018346135  0.0005898405966      4.070877719    0.03869053591    0.00160840558  0.0001114480113     -10.84921406      10.88790459 
   2.37519724e-10      1.047537175  1.469813852e-16        4.1901487     0.0339399539   0.001234526918  8.260644743e-05     -10.83580561      10.86974556 
  1.679518075e-10      1.018367984 -7.877013681e-17      4.073471935     0.0309718381   0.001030468012   7.12132564e-05     -10.85710224      10.88807408 
   1.18759862e-10      1.047749987  3.368392245e-18      4.190999948    0.02716516917  0.0007907267143  5.278029798e-05     -10.84259525      10.86976042 
  8.397590374e-11       1.01849052  1.008349941e-16      4.073962079     0.0247888569  0.0006600023431   4.55149165e-05     -10.86329803      10.88808689 
  5.937993099e-11      1.047919996  8.641283133e-17      4.191679985    0.02174057457   0.000506387022  3.373443942e-05     -10.84802934      10.86976992 
  4.198795187e-11      1.018588348 -7.023027931e-17      4.074353392    0.01983836397  0.0004226587079  2.909802289e-05     -10.86825671      10.88809508 
   2.96899655e-11       1.04805585  1.140293888e-16        4.1922234    0.01739785429  0.0003242523671   2.15670332e-05     -10.85237813      10.86977599 
  2.099397594e-11      1.018560539 -6.753889129e-15      4.075728738     0.0158737103  0.0002705777514  1.860307286e-05     -10.87192769       10.8878014 
  1.484498275e-11      1.048164435 -1.644872221e-16      4.192657738    0.01392173268   0.000207605765  1.379112406e-05     -10.85585813      10.86977987 
  1.049698797e-11      1.018728908  1.719399537e-16      4.074915633     0.0127032519  0.0001732725649  1.189995623e-05     -10.87540041      10.88810366 
  7.422491374e-12      1.048251239 -1.035438267e-17      4.193004958    0.01113959197     0.0001329108  8.820290685e-06     -10.85864276      10.86978235 
  5.248493984e-12      1.018778796  6.636903812e-17      4.075115186    0.01016450498  0.0001109289023  7.611740754e-06      -10.8779413       10.8881058 
