# Input file for NRG Ljubljana
# symtype 	QS
# Using sneg version 	1.251
#!9
# Number of channels, chain sites, subspaces: 
1	76	3
# SCALE 	1.6370350019059374
# Energies (GS energy subtracted, multiplied by 1/SCALE):
-1	1
1
0.
0	2
1
0.
1	1
1
0.
# Irreducible matrix elements for Wilson chains:
f 0 0
2
1	1	0	2
1.4142135623730951
0	2	-1	1
1.
# GS energy in absolute units:
e
0.
# Irreducible matrix elements for other operators:
# Discretization tables:
z
76
0.60662055628951927751
0.56678261140907795574
0.44966499834110297138
0.27922085361149461055
0.16855302789036203571
0.1052021688960658337
0.066347632520441016575
0.04192782265992192865
0.026509837334861822821
0.016764444828830327808
0.010602306526077293338
0.006705372030960566194
0.0042408205279940383628
0.002682123048002180568
0.0016963216993903469275
0.0010728475724484674461
0.00067852826321968604476
0.00042913892360940860853
0.00027141127863178515855
0.00017165556270031186396
0.0001085645097467473248
0.000068662224648546169282
0.000043425803789517293897
0.000027464889831797462635
0.000017370321508819295262
0.000010985955930951240973
6.9481286030805103026e-6
4.3943823722673607704e-6
2.779251441203582822e-6
1.7577529488997036286e-6
1.1117005764796013656e-6
7.0310117955941804795e-7
4.4468023059172331342e-7
2.8124047182373756136e-7
1.7787209223668182246e-7
1.1249618872949312644e-7
7.11488368946722488e-8
4.4998475491797129098e-8
2.8459534757868868788e-8
1.7999390196718843865e-8
1.1383813903147545548e-8
7.1997560786875370483e-9
4.5535255612590180935e-9
2.8799024314750147875e-9
1.8214102245036072293e-9
1.151960972590005913e-9
7.2856408980144289122e-10
4.6078438903600236505e-10
2.9142563592057715646e-10
1.8431375561440094601e-10
1.1657025436823086258e-10
7.3725502245760378404e-11
4.6628101747292345032e-11
2.9490200898304151362e-11
1.8651240698916938013e-11
1.1796080359321660545e-11
7.4604962795667752051e-12
4.7184321437286642179e-12
2.984198511826710082e-12
1.8873728574914656871e-12
1.1936794047306840328e-12
7.5494914299658627486e-13
4.7747176189227361313e-13
3.0197965719863450994e-13
1.9098870475690944525e-13
1.2079186287945380398e-13
7.63954819027637781e-14
4.8316745151781521591e-14
3.055819276110551124e-14
1.9326698060712608636e-14
1.2223277104442204496e-14
7.7306792242850434545e-15
4.8893108417768817984e-15
3.0922716897140173818e-15
1.9557243367107527194e-15
1.2369086758856069527e-15
7.8228973468430108775e-16
76
0.e-999
0.e-998
0.e-997
0.e-997
0.e-996
0.e-995
0.e-994
0.e-993
0.e-992
0.e-991
0.e-991
0.e-990
0.e-989
0.e-988
0.e-987
0.e-986
0.e-985
0.e-985
0.e-984
0.e-983
0.e-982
0.e-981
0.e-980
0.e-979
0.e-978
0.e-978
0.e-977
0.e-976
0.e-975
0.e-974
0.e-973
0.e-972
0.e-972
0.e-971
0.e-970
0.e-969
0.e-968
0.e-967
0.e-966
0.e-965
0.e-965
0.e-964
0.e-963
0.e-962
0.e-961
0.e-960
0.e-959
0.e-959
0.e-958
0.e-957
0.e-956
0.e-955
0.e-954
0.e-953
0.e-952
0.e-952
0.e-951
0.e-950
0.e-949
0.e-948
0.e-947
0.e-946
0.e-946
0.e-945
0.e-944
0.e-943
0.e-942
0.e-941
0.e-940
0.e-939
0.e-939
0.e-938
0.e-937
0.e-936
0.e-928
0.e-899
0.e-869
