#               T           <Sz^2>              <Q>            <Q^2>              <E>            <E^2>                C                F                S 
      1.637035002            0.125                0              0.5                0                0                0     -1.386294361      1.386294361 
      1.035351843     0.2297149431 -1.891044007e-17     0.9188597726     0.8380222494      1.017714607     0.3154333169      -1.77001695        2.6080392 
     0.6548140008     0.2963911102 -1.544009342e-17      1.185564441      1.113808763      2.342558785      1.101988825     -2.378228617       3.49203738 
     0.4141407372     0.3117943379  -2.13521823e-16      1.247177351      1.848719715      5.623169212      2.205404626     -2.001651875      3.850371591 
     0.2619256003     0.3026490961 -2.462923231e-16      1.210596384      1.519351668      5.091961173      2.783531683     -2.305861163      3.825212831 
     0.1656562949     0.2930540351  4.149825482e-15       1.17221614      1.815325873      6.043312207      2.747904183     -1.887877752      3.703203625 
     0.1047702401     0.2909134779  1.035831392e-14      1.163653912      1.395300746      4.516866686      2.570002513      -2.25420096      3.649501706 
    0.06626251796     0.2905857481  1.233654462e-14      1.162342992      1.769864969      5.672710266      2.540288259     -1.877069456      3.646934424 
    0.04190809605     0.2907519091  1.241102774e-14      1.163007637      1.390912474      4.470142155      2.535504643     -2.253454968      3.644367442 
    0.02650500718     0.2905733426  8.822380678e-15       1.16229337       1.76989584      5.672542885      2.540011602     -1.876894967      3.646790807 
    0.01676323842      0.290747796  5.231454764e-15      1.162991184      1.390904655      4.470160687      2.535544927     -2.253423744        3.6443284 
    0.01060200287     0.2905714803  4.228041682e-15      1.162285921      1.769906224      5.672601978      2.540033935     -1.876867934      3.646774159 
   0.006705295368     0.2907471457  4.639692102e-15      1.162988583      1.390903417      4.470163626      2.535551309      -2.25341881      3.644322227 
   0.004240801149      0.290571183  2.910375543e-15      1.162284732      1.769907882      5.672611395      2.540037486     -1.876863618        3.6467715 
   0.002682118147     0.2907470417  6.256510821e-16      1.162988167      1.390903218      4.470164085      2.535552323     -2.253418021      3.644321239 
    0.00169632046     0.2905711354 -8.259217178e-16      1.162284542      1.769908146      5.672612897      2.540038051     -1.876862927      3.646771074 
   0.001072847259     0.2907470251  1.094972571e-15        1.1629881      1.390903186      4.470164157      2.535552485     -2.253417895       3.64432108 
  0.0006785281839     0.2905711278  4.116793949e-16      1.162284511      1.769908188      5.672613137      2.540038142     -1.876862817      3.646771005 
  0.0004291389035     0.2907470224  5.179753459e-16       1.16298809      1.390903181      4.470164168      2.535552511     -2.253417874      3.644321055 
  0.0002714112736     0.2905711265  5.256777508e-15      1.162284506      1.769908195      5.672613175      2.540038156     -1.876862799      3.646770994 
  0.0001716555614      0.290747022  1.000224755e-14      1.162988088       1.39090318       4.47016417      2.535552515     -2.253417871      3.644321051 
  0.0001085645094     0.2905711263  1.312225181e-14      1.162284505      1.769908196      5.672613181      2.540038158     -1.876862796      3.646770992 
  6.866222457e-05     0.2907470219   1.23590115e-14      1.162988088       1.39090318       4.47016417      2.535552515     -2.253417871       3.64432105 
  4.342580377e-05     0.2905711263  8.914220102e-15      1.162284505      1.769908196      5.672613182      2.540038159     -1.876862796      3.646770992 
  2.746488983e-05     0.2907470219  7.742846611e-15      1.162988088       1.39090318       4.47016417      2.535552515      -2.25341787       3.64432105 
  1.737032151e-05     0.2905711263  5.155762825e-15      1.162284505      1.769908196      5.672613182      2.540038159     -1.876862796      3.646770992 
  1.098595593e-05     0.2907470219  2.990568295e-15      1.162988088       1.39090318       4.47016417      2.535552515      -2.25341787       3.64432105 
  6.948128603e-06     0.2905711263  3.035154243e-15      1.162284505      1.769908196      5.672613182      2.540038159     -1.876862796      3.646770992 
  4.394382372e-06     0.2907470219  4.893589975e-15      1.162988088       1.39090318       4.47016417      2.535552515      -2.25341787       3.64432105 
  2.779251441e-06     0.2905711263  4.460160833e-15      1.162284505      1.769908196      5.672613182      2.540038159     -1.876862796      3.646770992 
  1.757752949e-06     0.2907470219  1.775636184e-15      1.162988088       1.39090318       4.47016417      2.535552515      -2.25341787       3.64432105 
  1.111700576e-06     0.2905711263 -4.263962793e-15      1.162284505      1.769908196      5.672613182      2.540038159     -1.876862796      3.646770992 
  7.031011796e-07     0.2907470219 -9.118567198e-15      1.162988088       1.39090318       4.47016417      2.535552515      -2.25341787       3.64432105 
  4.446802306e-07     0.2905711263 -1.353178258e-14      1.162284505      1.769908196      5.672613182      2.540038159     -1.876862796      3.646770992 
  2.812404718e-07     0.2907470219 -1.156894934e-14      1.162988088       1.39090318       4.47016417      2.535552515      -2.25341787       3.64432105 
  1.778720922e-07     0.2905711263 -1.289171648e-14      1.162284505      1.769908196      5.672613182      2.540038159     -1.876862796      3.646770992 
  1.124961887e-07     0.2907470219 -1.544462337e-14      1.162988088       1.39090318       4.47016417      2.535552515      -2.25341787       3.64432105 
  7.114883689e-08     0.2905711263 -1.407968008e-14      1.162284505      1.769908196      5.672613182      2.540038159     -1.876862796      3.646770992 
  4.499847549e-08     0.2907470219 -1.130420606e-14      1.162988088       1.39090318       4.47016417      2.535552515      -2.25341787       3.64432105 
  2.845953476e-08     0.2905711263 -7.616715686e-15      1.162284505      1.769908196      5.672613182      2.540038159     -1.876862796      3.646770992 
   1.79993902e-08     0.2907470219 -7.212007847e-15      1.162988088       1.39090318       4.47016417      2.535552515      -2.25341787       3.64432105 
   1.13838139e-08     0.2905711263 -7.413894352e-15      1.162284505      1.769908196      5.672613182      2.540038159     -1.876862796      3.646770992 
  7.199756079e-09     0.2907470219 -6.750646617e-15      1.162988088       1.39090318       4.47016417      2.535552515      -2.25341787       3.64432105 
  4.553525561e-09     0.2905711263 -7.212108183e-15      1.162284505      1.769908196      5.672613182      2.540038159     -1.876862796      3.646770992 
  2.879902431e-09     0.2907470219 -6.897356609e-15      1.162988088       1.39090318       4.47016417      2.535552515      -2.25341787       3.64432105 
  1.821410225e-09     0.2905711263 -8.524452388e-15      1.162284505      1.769908196      5.672613182      2.540038159     -1.876862796      3.646770992 
  1.151960973e-09     0.2907470219 -9.317388813e-15      1.162988088       1.39090318       4.47016417      2.535552515      -2.25341787       3.64432105 
  7.285640898e-10     0.2905711263 -1.092260246e-14      1.162284505      1.769908196      5.672613182      2.540038159     -1.876862796      3.646770992 
   4.60784389e-10     0.2907470219 -1.311808231e-14      1.162988088       1.39090318       4.47016417      2.535552515      -2.25341787       3.64432105 
  2.914256359e-10     0.2905711263 -1.453669516e-14      1.162284505      1.769908196      5.672613182      2.540038159     -1.876862796      3.646770992 
  1.843137556e-10     0.2907470219 -1.479190153e-14      1.162988088       1.39090318       4.47016417      2.535552515      -2.25341787       3.64432105 
  1.165702544e-10     0.2905711263 -1.547086384e-14      1.162284505      1.769908196      5.672613182      2.540038159     -1.876862796      3.646770992 
  7.372550225e-11     0.2907470219 -1.616775925e-14      1.162988088       1.39090318       4.47016417      2.535552515      -2.25341787       3.64432105 
  4.662810175e-11     0.2905711263 -1.915191814e-14      1.162284505      1.769908196      5.672613182      2.540038159     -1.876862796      3.646770992 
   2.94902009e-11     0.2907470219  -2.08499418e-14      1.162988088       1.39090318       4.47016417      2.535552515      -2.25341787       3.64432105 
   1.86512407e-11     0.2905711263 -2.234327809e-14      1.162284505      1.769908196      5.672613182      2.540038159     -1.876862796      3.646770992 
  1.179608036e-11     0.2907470219 -2.331238771e-14      1.162988088       1.39090318       4.47016417      2.535552515      -2.25341787       3.64432105 
   7.46049628e-12     0.2905711263 -2.254034378e-14      1.162284505      1.769908196      5.672613182      2.540038159     -1.876862796      3.646770992 
  4.718432144e-12     0.2907470219 -2.233483935e-14      1.162988088       1.39090318       4.47016417      2.535552515      -2.25341787       3.64432105 
  2.984198512e-12     0.2905711263   -1.8941554e-14      1.162284505      1.769908196      5.672613182      2.540038159     -1.876862796      3.646770992 
  1.887372857e-12     0.2907470219  -1.51519194e-14      1.162988088       1.39090318       4.47016417      2.535552515      -2.25341787       3.64432105 
  1.193679405e-12     0.2905711263 -1.166409505e-14      1.162284505      1.769908196      5.672613182      2.540038159     -1.876862796      3.646770992 
   7.54949143e-13     0.2907470219 -1.191893573e-14      1.162988088       1.39090318       4.47016417      2.535552515      -2.25341787       3.64432105 
  4.774717619e-13     0.2905711263 -1.271428003e-14      1.162284505      1.769908196      5.672613182      2.540038159     -1.876862796      3.646770992 
  3.019796572e-13     0.2907470219 -1.285780511e-14      1.162988088       1.39090318       4.47016417      2.535552515      -2.25341787       3.64432105 
  1.909887048e-13     0.2905711263 -1.257933877e-14      1.162284505      1.769908196      5.672613182      2.540038159     -1.876862796      3.646770992 
  1.207918629e-13     0.2907470219 -1.297138699e-14      1.162988088       1.39090318       4.47016417      2.535552515      -2.25341787       3.64432105 
   7.63954819e-14     0.2905711263 -1.358610697e-14      1.162284505      1.769908196      5.672613182      2.540038159     -1.876862796      3.646770992 
  4.831674515e-14     0.2907470219 -1.571654218e-14      1.162988088       1.39090318       4.47016417      2.535552515      -2.25341787       3.64432105 
  3.055819276e-14     0.2905711263 -1.916836825e-14      1.162284505      1.769908196      5.672613182      2.540038159     -1.876862796      3.646770992 
  1.932669806e-14     0.2907470219  -2.00810949e-14      1.162988088       1.39090318       4.47016417      2.535552515      -2.25341787       3.64432105 
   1.22232771e-14     0.2905711263  -1.95632148e-14      1.162284505      1.769908196      5.672613182      2.540038159     -1.876862796      3.646770992 
  7.730679224e-15     0.2907470219 -1.973365651e-14      1.162988088       1.39090318       4.47016417      2.535552515      -2.25341787       3.64432105 
  4.889310842e-15     0.2905711263 -1.786453719e-14      1.162284505      1.769908196      5.672613182      2.540038159     -1.876862796      3.646770992 
   3.09227169e-15     0.2907470219  -1.49439087e-14      1.162988088       1.39090318       4.47016417      2.535552515      -2.25341787       3.64432105 
  1.955724337e-15     0.2905711263 -1.088777039e-14      1.162284505      1.769908196      5.672613182      2.540038159     -1.876862796      3.646770992 
  1.236908676e-15     0.2907470219 -8.451319743e-15      1.162988088       1.39090318       4.47016417      2.535552515      -2.25341787       3.64432105 
