#               T           <Sz^2>              <Q>            <Q^2>              <E>            <E^2>                C                F                S 
      1.835694752            0.125                0              0.5                0                0                0     -1.386294361      1.386294361 
      1.160995301     0.2341812777  3.404913842e-17     0.9367251108     0.7695958474     0.8398752481     0.2475974797     -1.875073556      2.644669403 
     0.7342779009     0.3086713397  2.285180861e-17      1.234685359      1.104882666      2.174321482     0.9535557758     -2.496991571      3.601874237 
     0.4643981205      0.325102216  -2.19820809e-16      1.300408864      1.900834504      5.753600747      2.140428934     -2.089507117      3.990341621 
     0.2937111603     0.3103655458 -3.484149006e-16      1.241462183      1.591768203       5.42653136      2.892805347     -2.341580575      3.933348778 
     0.1857592482     0.2950843023  2.708626905e-15      1.180337209      1.846897437       6.28484912      2.873818977     -1.897582295      3.744479732 
     0.1174844641     0.2911056188  5.784999838e-15      1.164422475      1.399578509      4.558085073      2.599265071     -2.255145825      3.654724334 
    0.07430369927     0.2906093594  6.200232041e-15      1.162437438      1.769852185      5.673690799      2.541314044     -1.877387206      3.647239391 
    0.04699378566     0.2907593641  4.946495675e-15      1.163037457      1.390926935      4.470110205      2.535432466     -2.253511449      3.644438385 
    0.02972147971     0.2905767308  5.519380831e-15      1.162306923      1.769877164      5.672436942      2.539971765     -1.876944045      3.646821209 
    0.01879751426     0.2907489795  4.988552797e-15      1.162995918      1.390906953      4.470155681      2.535533529     -2.253432713      3.644339666 
    0.01188859188     0.2905720208  3.495122103e-15      1.162288083       1.76990323      5.672584997      2.540027552     -1.876875773      3.646779004 
   0.007519005705     0.2907473347  1.305108011e-15      1.162989339      1.390903782      4.470162812      2.535549481     -2.253420242      3.644324024 
   0.004755436753     0.2905712694 -2.771874231e-15      1.162285078      1.769907402      5.672608673      2.540036462     -1.876864872      3.646772273 
   0.003007602282     0.2907470719 -2.012325911e-15      1.162988288      1.390903276      4.470163953       2.53555203      -2.25341825      3.644321526 
   0.001902174701     0.2905711492 -8.960752367e-16      1.162284597      1.769908069      5.672612461      2.540037887     -1.876863128      3.646771197 
   0.001203040913     0.2907470299  2.523947188e-15       1.16298812      1.390903195      4.470164136      2.535552438     -2.253417931      3.644321126 
  0.0007608698805       0.29057113   2.57252134e-15       1.16228452      1.769908176      5.672613067      2.540038115     -1.876862849      3.646771025 
  0.0004812163651     0.2907470232  3.266101838e-15      1.162988093      1.390903182      4.470164165      2.535552503      -2.25341788      3.644321062 
  0.0003043479522     0.2905711269  4.651791867e-16      1.162284508      1.769908193      5.672613164      2.540038152     -1.876862804      3.646770997 
   0.000192486546     0.2907470221 -1.754775862e-16      1.162988088       1.39090318      4.470164169      2.535552513     -2.253417872      3.644321052 
  0.0001217391809     0.2905711264 -4.257416767e-15      1.162284506      1.769908196      5.672613179      2.540038158     -1.876862797      3.646770993 
  7.699461842e-05     0.2907470219  -7.15039727e-15      1.162988088       1.39090318       4.47016417      2.535552515     -2.253417871       3.64432105 
  4.869567236e-05     0.2905711263 -8.593955226e-15      1.162284505      1.769908196      5.672613182      2.540038158     -1.876862796      3.646770992 
  3.079784737e-05     0.2907470219 -1.042226376e-14      1.162988088       1.39090318       4.47016417      2.535552515      -2.25341787       3.64432105 
  1.947826894e-05     0.2905711263 -1.185219691e-14      1.162284505      1.769908196      5.672613182      2.540038159     -1.876862796      3.646770992 
  1.231913895e-05     0.2907470219 -1.244139452e-14      1.162988088       1.39090318       4.47016417      2.535552515      -2.25341787       3.64432105 
  7.791307577e-06     0.2905711263 -1.028630569e-14      1.162284505      1.769908196      5.672613182      2.540038159     -1.876862796      3.646770992 
  4.927655579e-06     0.2907470219 -7.250941205e-15      1.162988088       1.39090318       4.47016417      2.535552515      -2.25341787       3.64432105 
  3.116523031e-06     0.2905711263 -5.878588729e-15      1.162284505      1.769908196      5.672613182      2.540038159     -1.876862796      3.646770992 
  1.971062231e-06     0.2907470219 -7.059465318e-15      1.162988088       1.39090318       4.47016417      2.535552515      -2.25341787       3.64432105 
  1.246609212e-06     0.2905711263 -5.720288835e-15      1.162284505      1.769908196      5.672613182      2.540038159     -1.876862796      3.646770992 
  7.884248926e-07     0.2907470219   -3.8959857e-15      1.162988088       1.39090318       4.47016417      2.535552515      -2.25341787       3.64432105 
  4.986436849e-07     0.2905711263 -7.206585919e-16      1.162284505      1.769908196      5.672613182      2.540038159     -1.876862796      3.646770992 
   3.15369957e-07     0.2907470219  3.861060419e-16      1.162988088       1.39090318       4.47016417      2.535552515      -2.25341787       3.64432105 
   1.99457474e-07     0.2905711263  2.204484971e-15      1.162284505      1.769908196      5.672613182      2.540038159     -1.876862796      3.646770992 
  1.261479828e-07     0.2907470219  5.830529592e-15      1.162988088       1.39090318       4.47016417      2.535552515      -2.25341787       3.64432105 
  7.978298959e-08     0.2905711263  8.594356121e-15      1.162284505      1.769908196      5.672613182      2.540038159     -1.876862796      3.646770992 
  5.045919313e-08     0.2907470219  8.342972843e-15      1.162988088       1.39090318       4.47016417      2.535552515      -2.25341787       3.64432105 
  3.191319583e-08     0.2905711263  8.207022289e-15      1.162284505      1.769908196      5.672613182      2.540038159     -1.876862796      3.646770992 
  2.018367725e-08     0.2907470219  6.741819772e-15      1.162988088       1.39090318       4.47016417      2.535552515      -2.25341787       3.64432105 
  1.276527833e-08     0.2905711263   6.35747971e-15      1.162284505      1.769908196      5.672613182      2.540038159     -1.876862796      3.646770992 
    8.0734709e-09     0.2907470219  8.402314877e-15      1.162988088       1.39090318       4.47016417      2.535552515      -2.25341787       3.64432105 
  5.106111334e-09     0.2905711263  1.378256536e-14      1.162284505      1.769908196      5.672613182      2.540038159     -1.876862796      3.646770992 
   3.22938836e-09     0.2907470219  1.887251052e-14      1.162988088       1.39090318       4.47016417      2.535552515      -2.25341787       3.64432105 
  2.042444533e-09     0.2905711263  2.099651464e-14      1.162284505      1.769908196      5.672613182      2.540038159     -1.876862796      3.646770992 
  1.291755344e-09     0.2907470219  1.692614015e-14      1.162988088       1.39090318       4.47016417      2.535552515      -2.25341787       3.64432105 
  8.169778134e-10     0.2905711263  1.344403314e-14      1.162284505      1.769908196      5.672613182      2.540038159     -1.876862796      3.646770992 
  5.167021376e-10     0.2907470219   1.36132175e-14      1.162988088       1.39090318       4.47016417      2.535552515      -2.25341787       3.64432105 
  3.267911253e-10     0.2905711263  2.057018838e-14      1.162284505      1.769908196      5.672613182      2.540038159     -1.876862796      3.646770992 
   2.06680855e-10     0.2907470219  2.516513622e-14      1.162988088       1.39090318       4.47016417      2.535552515      -2.25341787       3.64432105 
  1.307164501e-10     0.2905711263  3.113768923e-14      1.162284505      1.769908196      5.672613182      2.540038159     -1.876862796      3.646770992 
  8.267234202e-11     0.2907470219  3.219399911e-14      1.162988088       1.39090318       4.47016417      2.535552515      -2.25341787       3.64432105 
  5.228658006e-11     0.2905711263  3.125692823e-14      1.162284505      1.769908196      5.672613182      2.540038159     -1.876862796      3.646770992 
  3.306893681e-11     0.2907470219  3.111930075e-14      1.162988088       1.39090318       4.47016417      2.535552515      -2.25341787       3.64432105 
  2.091463202e-11     0.2905711263  3.298732931e-14      1.162284505      1.769908196      5.672613182      2.540038159     -1.876862796      3.646770992 
  1.322757472e-11     0.2907470219  3.474541138e-14      1.162988088       1.39090318       4.47016417      2.535552515      -2.25341787       3.64432105 
  8.365852809e-12     0.2905711263  3.610594297e-14      1.162284505      1.769908196      5.672613182      2.540038159     -1.876862796      3.646770992 
  5.291029889e-12     0.2907470219  3.513106314e-14      1.162988088       1.39090318       4.47016417      2.535552515      -2.25341787       3.64432105 
  3.346341124e-12     0.2905711263  3.056289921e-14      1.162284505      1.769908196      5.672613182      2.540038159     -1.876862796      3.646770992 
  2.116411956e-12     0.2907470219  2.678866217e-14      1.162988088       1.39090318       4.47016417      2.535552515      -2.25341787       3.64432105 
  1.338536449e-12     0.2905711263  2.359755191e-14      1.162284505      1.769908196      5.672613182      2.540038159     -1.876862796      3.646770992 
  8.465647823e-13     0.2907470219   2.17232703e-14      1.162988088       1.39090318       4.47016417      2.535552515      -2.25341787       3.64432105 
  5.354145798e-13     0.2905711263  1.885291979e-14      1.162284505      1.769908196      5.672613182      2.540038159     -1.876862796      3.646770992 
  3.386259129e-13     0.2907470219  1.612829961e-14      1.162988088       1.39090318       4.47016417      2.535552515      -2.25341787       3.64432105 
  2.141658319e-13     0.2905711263  1.310178034e-14      1.162284505      1.769908196      5.672613182      2.540038159     -1.876862796      3.646770992 
  1.354503652e-13     0.2907470219  1.295047765e-14      1.162988088       1.39090318       4.47016417      2.535552515      -2.25341787       3.64432105 
  8.566633276e-14     0.2905711263  1.364893051e-14      1.162284505      1.769908196      5.672613182      2.540038159     -1.876862796      3.646770992 
  5.418014606e-14     0.2907470219  1.498440512e-14      1.162988088       1.39090318       4.47016417      2.535552515      -2.25341787       3.64432105 
  3.426653311e-14     0.2905711263  1.575031126e-14      1.162284505      1.769908196      5.672613182      2.540038159     -1.876862796      3.646770992 
  2.167205843e-14     0.2907470219  1.230628307e-14      1.162988088       1.39090318       4.47016417      2.535552515      -2.25341787       3.64432105 
  1.370661324e-14     0.2905711263  1.153422123e-14      1.162284505      1.769908196      5.672613182      2.540038159     -1.876862796      3.646770992 
   8.66882337e-15     0.2907470219  1.394343274e-14      1.162988088       1.39090318       4.47016417      2.535552515      -2.25341787       3.64432105 
  5.482645297e-15     0.2905711263  1.724311702e-14      1.162284505      1.769908196      5.672613182      2.540038159     -1.876862796      3.646770992 
  3.467529348e-15     0.2907470219  1.963562798e-14      1.162988088       1.39090318       4.47016417      2.535552515      -2.25341787       3.64432105 
  2.193058119e-15     0.2905711263  2.059555719e-14      1.162284505      1.769908196      5.672613182      2.540038159     -1.876862796      3.646770992 
  1.387011739e-15     0.2907470219  2.066285797e-14      1.162988088       1.39090318       4.47016417      2.535552515      -2.25341787       3.64432105 
