# Input file for NRG Ljubljana
# symtype 	QS
# Using sneg version 	1.251
#!9
# Number of channels, chain sites, subspaces: 
1	101	3
# SCALE 	1.715663207404297
# Energies (GS energy subtracted, multiplied by 1/SCALE):
-1	1
1
0.
0	2
1
0.
1	1
1
0.
# Irreducible matrix elements for Wilson chains:
f 0 0
2
1	1	0	2
1.4142135623730951
0	2	-1	1
1.
# GS energy in absolute units:
e
0.
# Irreducible matrix elements for other operators:
# Discretization tables:
z
101
0.57398389901293881826
0.54173690262565063561
0.59128604625440529311
0.51587296074248553518
0.34045424295667791194
0.22141358311463716524
0.15290281195619599448
0.1075508678417628759
0.075922365858644232154
0.053647827136583435664
0.037922617052563145261
0.026811231393356033597
0.018956981537490407747
0.013404112750014287429
0.0094779640777596392668
0.0067018709831079513966
0.0047389166376431049809
0.0033509123942584386753
0.0023694501572040920741
0.0016754533123585461446
0.0011847240588224270349
0.0008377262956576244393
0.00059236190195196257531
0.00041886310276593973795
0.00029618093504398743596
0.00020943154575018373114
0.00014809046553050737742
0.00010471577217099587715
0.000074045232516318298978
0.000052357885997486011233
0.000037022616227042238361
0.000026178942987741516924
0.000018511308109631505683
0.000013089471492495572445
9.2556540543295511667e-6
6.5447357460758879726e-6
4.6278270271040003743e-6
3.2723678730164567051e-6
2.3139135135444032861e-6
1.6361839365055424424e-6
1.1569567567712520304e-6
8.1809196825243548244e-7
5.7847837838550731362e-7
4.0904598412617577388e-7
2.8923918919273881911e-7
2.0452299206308264102e-7
1.4461959459636755484e-7
1.0226149603154066477e-7
7.2309797298183545583e-8
5.1130748015770250418e-8
3.6154898649091743811e-8
2.5565374007885114963e-8
1.8077449324545868283e-8
1.2782687003942556201e-8
9.0387246622729336888e-9
6.3913435019712779402e-9
4.5193623311364667878e-9
3.1956717509856389501e-9
2.2596811655682333868e-9
1.5978358754928194726e-9
1.1298405827841166925e-9
7.9891793774640973596e-10
5.6492029139205834615e-10
3.9945896887320486794e-10
2.8246014569602917306e-10
1.9972948443660243397e-10
1.4123007284801458653e-10
9.9864742218301216983e-11
7.0615036424007293265e-11
4.9932371109150608491e-11
3.5307518212003646632e-11
2.4966185554575304246e-11
1.7653759106001823316e-11
1.2483092777287652123e-11
8.8268795530009116581e-12
6.2415463886438260614e-12
4.413439776500455829e-12
3.1207731943219130307e-12
2.2067198882502279145e-12
1.5603865971609565154e-12
1.1033599441251139573e-12
7.8019329858047825768e-13
5.5167997206255697863e-13
3.9009664929023912884e-13
2.7583998603127848931e-13
1.9504832464511956442e-13
1.3791999301563924466e-13
9.7524162322559782209e-14
6.8959996507819622329e-14
4.8762081161279891105e-14
3.4479998253909811164e-14
2.4381040580639945552e-14
1.7239999126954905582e-14
1.2190520290319972776e-14
8.6199995634774527911e-15
6.0952601451599863881e-15
4.3099997817387263955e-15
3.047630072579993194e-15
2.1549998908693631978e-15
1.523815036289996597e-15
1.0774999454346815989e-15
7.6190751814499829851e-16
101
0.e-999
0.e-998
0.e-997
0.e-997
0.e-996
0.e-995
0.e-994
0.e-993
0.e-992
0.e-992
0.e-991
0.e-990
0.e-989
0.e-988
0.e-987
0.e-986
0.e-986
0.e-985
0.e-984
0.e-983
0.e-982
0.e-981
0.e-981
0.e-980
0.e-979
0.e-978
0.e-977
0.e-976
0.e-975
0.e-975
0.e-974
0.e-973
0.e-972
0.e-971
0.e-970
0.e-970
0.e-969
0.e-968
0.e-967
0.e-966
0.e-965
0.e-964
0.e-964
0.e-963
0.e-962
0.e-961
0.e-960
0.e-959
0.e-959
0.e-958
0.e-957
0.e-956
0.e-955
0.e-954
0.e-953
0.e-953
0.e-952
0.e-951
0.e-950
0.e-949
0.e-948
0.e-948
0.e-947
0.e-946
0.e-945
0.e-944
0.e-943
0.e-943
0.e-942
0.e-941
0.e-940
0.e-939
0.e-938
0.e-937
0.e-937
0.e-936
0.e-935
0.e-934
0.e-933
0.e-932
0.e-932
0.e-931
0.e-930
0.e-929
0.e-928
0.e-927
0.e-908
0.e-882
0.e-856
0.e-830
0.e-803
0.e-777
0.e-749
0.e-722
0.e-694
0.e-666
0.e-637
0.e-609
0.e-580
0.e-550
0.e-521
0.e-491
