#               T           <Sz^2>              <Q>            <Q^2>              <E>            <E^2>                C                F                S 
      1.715663207            0.125                0              0.5                0                0                0     -1.386294361      1.386294361 
      1.213157088     0.2365150122   1.59987192e-17      0.946060049     0.7264949948     0.7395745382     0.2117795607     -1.937222435       2.66371743 
     0.8578316037     0.3287509556  7.256216637e-18      1.315003822      1.048671471       1.78963269     0.6899208367     -2.727872536      3.776544006 
     0.6065785441     0.3765213791 -2.709729809e-16      1.506085516      1.954672726      5.510735095      1.689989629     -2.533601984       4.48827471 
     0.4289158019      0.381274668 -1.630918144e-16      1.525098672      1.968024967       6.73103284      2.857910568     -2.769088199      4.737113166 
      0.303289272     0.3692915811 -1.759000862e-15      1.477166324      2.349025784      9.095337964       3.57741583     -2.356047865      4.705073649 
     0.2144579009     0.3568595556 -4.249543612e-15      1.427438222      1.933299007      7.396039085      3.658394035      -2.62718546      4.560484467 
      0.151644636     0.3512030346 -7.778447459e-15      1.404812138      2.185581436      8.216786326      3.440020112     -2.272332159      4.457913595 
     0.1072289505     0.3500576214 -6.658165502e-15      1.400230486      1.828023692      6.632355364      3.290684746       -2.5984562      4.426479892 
    0.07582231801      0.349895091 -5.325382733e-15      1.399580364      2.156518089      7.919747573      3.269177305     -2.266241223      4.422759312 
    0.05361447523     0.3499277625  1.122063821e-15       1.39971105      1.824796616      6.593575193      3.263692503     -2.597740912      4.422537528 
    0.03791115901     0.3498742915  8.463993641e-15      1.399497166      2.156558776      7.919504713       3.26875896     -2.265963437      4.422522213 
    0.02680723762      0.349918395  1.398122284e-14       1.39967358      1.824791712      6.593661483      3.263796689     -2.597659276      4.422450989 
     0.0189555795      0.349869524  1.499629724e-14      1.399478096      2.156582253      7.919660489      3.268813475     -2.265896502      4.422478755 
    0.01340361881     0.3499160915  1.650709374e-14      1.399664366      1.824790528      6.593682731      3.263822259     -2.597639186      4.422429714 
   0.009477789751     0.3498683412  1.750591185e-14      1.399473365      2.156588123      7.919699353       3.26882702     -2.265879856      4.422467979 
   0.006701809404      0.349915518  1.292887797e-14      1.399662072      1.824790235      6.593688026      3.263828625     -2.597634183      4.422424418 
   0.004738894876     0.3498680461  1.100060183e-14      1.399472184       2.15658959      7.919709062        3.2688304       -2.2658757      4.422465291 
   0.003350904702     0.3499153748  9.702717319e-15      1.399661499      1.824790162      6.593689348      3.263830214     -2.597632933      4.422423095 
   0.002369447438     0.3498679723  1.263731175e-14      1.399471889      2.156589957      7.919711488      3.268831245     -2.265874662      4.422464619 
   0.001675452351      0.349915339  1.781329646e-14      1.399661356      1.824790143      6.593689678      3.263830611     -2.597632621      4.422422764 
   0.001184723719     0.3498679539  2.509764393e-14      1.399471816      2.156590049      7.919712095      3.268831456     -2.265874402      4.422464451 
  0.0008377261755       0.34991533  2.643039912e-14       1.39966132      1.824790139       6.59368976      3.263830711     -2.597632543      4.422422682 
  0.0005923618595     0.3498679493  2.938234597e-14      1.399471797      2.156590072      7.919712246      3.268831508     -2.265874337      4.422464409 
  0.0004188630877     0.3499153278  3.038424549e-14      1.399661311      1.824790137      6.593689781      3.263830735     -2.597632523      4.422422661 
  0.0002961809297     0.3498679481   3.10298766e-14      1.399471792      2.156590078      7.919712284      3.268831522     -2.265874321      4.422464398 
  0.0002094315439     0.3499153272  3.063654174e-14      1.399661309      1.824790137      6.593689786      3.263830742     -2.597632519      4.422422656 
  0.0001480904649     0.3498679478  3.021569306e-14      1.399471791      2.156590079      7.919712294      3.268831525     -2.265874317      4.422464396 
  0.0001047157719     0.3499153271  3.481294646e-14      1.399661308      1.824790137      6.593689788      3.263830743     -2.597632517      4.422422654 
  7.404523243e-05     0.3498679478  3.608028852e-14      1.399471791      2.156590079      7.919712296      3.268831526     -2.265874316      4.422464395 
  5.235788597e-05     0.3499153271  3.466162157e-14      1.399661308      1.824790137      6.593689788      3.263830743     -2.597632517      4.422422654 
  3.702261622e-05     0.3498679477  3.489998304e-14      1.399471791      2.156590079      7.919712297      3.268831526     -2.265874315      4.422464395 
  2.617894298e-05     0.3499153271  2.944941683e-14      1.399661308      1.824790137      6.593689788      3.263830744     -2.597632517      4.422422654 
  1.851130811e-05     0.3498679477  2.641462623e-14      1.399471791      2.156590079      7.919712297      3.268831526     -2.265874315      4.422464395 
  1.308947149e-05     0.3499153271   2.08208455e-14      1.399661308      1.824790137      6.593689788      3.263830744     -2.597632517      4.422422654 
  9.255654054e-06     0.3498679477   1.55816689e-14      1.399471791       2.15659008      7.919712297      3.268831526     -2.265874315      4.422464395 
  6.544735746e-06     0.3499153271  1.035400068e-14      1.399661308      1.824790137      6.593689788      3.263830744     -2.597632517      4.422422654 
  4.627827027e-06     0.3498679477  5.668913937e-15      1.399471791       2.15659008      7.919712297      3.268831526     -2.265874315      4.422464395 
  3.272367873e-06     0.3499153271  6.756148003e-16      1.399661308      1.824790137      6.593689788      3.263830744     -2.597632517      4.422422654 
  2.313913514e-06     0.3498679477 -1.600492506e-15      1.399471791       2.15659008      7.919712297      3.268831526     -2.265874315      4.422464395 
  1.636183937e-06     0.3499153271 -7.122681396e-15      1.399661308      1.824790137      6.593689788      3.263830744     -2.597632517      4.422422654 
  1.156956757e-06     0.3498679477 -9.997564678e-15      1.399471791       2.15659008      7.919712297      3.268831526     -2.265874315      4.422464395 
  8.180919683e-07     0.3499153271 -1.046036805e-14      1.399661308      1.824790137      6.593689788      3.263830744     -2.597632517      4.422422654 
  5.784783784e-07     0.3498679477 -1.227566024e-14      1.399471791       2.15659008      7.919712297      3.268831526     -2.265874315      4.422464395 
  4.090459841e-07     0.3499153271 -1.315012027e-14      1.399661308      1.824790137      6.593689788      3.263830744     -2.597632517      4.422422654 
  2.892391892e-07     0.3498679477 -1.484816028e-14      1.399471791       2.15659008      7.919712297      3.268831526     -2.265874315      4.422464395 
  2.045229921e-07     0.3499153271 -1.658797928e-14      1.399661308      1.824790137      6.593689788      3.263830744     -2.597632517      4.422422654 
  1.446195946e-07     0.3498679477 -1.752350125e-14      1.399471791       2.15659008      7.919712297      3.268831526     -2.265874315      4.422464395 
   1.02261496e-07     0.3499153271 -1.665216394e-14      1.399661308      1.824790137      6.593689788      3.263830744     -2.597632517      4.422422654 
   7.23097973e-08     0.3498679477 -1.680627224e-14      1.399471791       2.15659008      7.919712297      3.268831526     -2.265874315      4.422464395 
  5.113074802e-08     0.3499153271 -2.045677945e-14      1.399661308      1.824790137      6.593689788      3.263830744     -2.597632517      4.422422654 
  3.615489865e-08     0.3498679477  -2.34145366e-14      1.399471791       2.15659008      7.919712297      3.268831526     -2.265874315      4.422464395 
  2.556537401e-08     0.3499153271 -1.905697664e-14      1.399661308      1.824790137      6.593689788      3.263830744     -2.597632517      4.422422654 
  1.807744932e-08     0.3498679477 -1.320031554e-14      1.399471791       2.15659008      7.919712297      3.268831526     -2.265874315      4.422464395 
    1.2782687e-08     0.3499153271 -7.633531304e-15      1.399661308      1.824790137      6.593689788      3.263830744     -2.597632517      4.422422654 
  9.038724662e-09     0.3498679477   -2.4401344e-15      1.399471791       2.15659008      7.919712297      3.268831526     -2.265874315      4.422464395 
  6.391343502e-09     0.3499153271  2.981848705e-15      1.399661308      1.824790137      6.593689788      3.263830744     -2.597632517      4.422422654 
  4.519362331e-09     0.3498679477  8.167931481e-15      1.399471791       2.15659008      7.919712297      3.268831526     -2.265874315      4.422464395 
  3.195671751e-09     0.3499153271  1.242357163e-14      1.399661308      1.824790137      6.593689788      3.263830744     -2.597632517      4.422422654 
  2.259681166e-09     0.3498679477  1.324064726e-14      1.399471791       2.15659008      7.919712297      3.268831526     -2.265874315      4.422464395 
  1.597835875e-09     0.3499153271  1.087594395e-14      1.399661308      1.824790137      6.593689788      3.263830744     -2.597632517      4.422422654 
  1.129840583e-09     0.3498679477  1.020918573e-14      1.399471791       2.15659008      7.919712297      3.268831526     -2.265874315      4.422464395 
  7.989179377e-10     0.3499153271  1.375912381e-14      1.399661308      1.824790137      6.593689788      3.263830744     -2.597632517      4.422422654 
  5.649202914e-10     0.3498679477  1.837747555e-14      1.399471791       2.15659008      7.919712297      3.268831526     -2.265874315      4.422464395 
  3.994589689e-10     0.3499153271  1.795224806e-14      1.399661308      1.824790137      6.593689788      3.263830744     -2.597632517      4.422422654 
  2.824601457e-10     0.3498679477  1.772994514e-14      1.399471791       2.15659008      7.919712297      3.268831526     -2.265874315      4.422464395 
  1.997294844e-10     0.3499153271  1.710356597e-14      1.399661308      1.824790137      6.593689788      3.263830744     -2.597632517      4.422422654 
  1.412300728e-10     0.3498679477  1.618121668e-14      1.399471791       2.15659008      7.919712297      3.268831526     -2.265874315      4.422464395 
  9.986474222e-11     0.3499153271  1.647820912e-14      1.399661308      1.824790137      6.593689788      3.263830744     -2.597632517      4.422422654 
  7.061503642e-11     0.3498679477  1.279425671e-14      1.399471791       2.15659008      7.919712297      3.268831526     -2.265874315      4.422464395 
  4.993237111e-11     0.3499153271  8.137515224e-15      1.399661308      1.824790137      6.593689788      3.263830744     -2.597632517      4.422422654 
  3.530751821e-11     0.3498679477  4.910206138e-15      1.399471791       2.15659008      7.919712297      3.268831526     -2.265874315      4.422464395 
  2.496618555e-11     0.3499153271  2.528986805e-15      1.399661308      1.824790137      6.593689788      3.263830744     -2.597632517      4.422422654 
  1.765375911e-11     0.3498679477  1.211339804e-15      1.399471791       2.15659008      7.919712297      3.268831526     -2.265874315      4.422464395 
  1.248309278e-11     0.3499153271 -2.869768365e-15      1.399661308      1.824790137      6.593689788      3.263830744     -2.597632517      4.422422654 
  8.826879553e-12     0.3498679477 -7.817925307e-15      1.399471791       2.15659008      7.919712297      3.268831526     -2.265874315      4.422464395 
  6.241546389e-12     0.3499153271 -1.170781126e-14      1.399661308      1.824790137      6.593689788      3.263830744     -2.597632517      4.422422654 
  4.413439777e-12     0.3498679477 -1.486146881e-14      1.399471791       2.15659008      7.919712297      3.268831526     -2.265874315      4.422464395 
  3.120773194e-12     0.3499153271 -1.058576302e-14      1.399661308      1.824790137      6.593689788      3.263830744     -2.597632517      4.422422654 
  2.206719888e-12     0.3498679477 -6.024919037e-15      1.399471791       2.15659008      7.919712297      3.268831526     -2.265874315      4.422464395 
  1.560386597e-12     0.3499153271 -1.521643272e-15      1.399661308      1.824790137      6.593689788      3.263830744     -2.597632517      4.422422654 
  1.103359944e-12     0.3498679477 -2.370573397e-15      1.399471791       2.15659008      7.919712297      3.268831526     -2.265874315      4.422464395 
  7.801932986e-13     0.3499153271  -7.23278918e-15      1.399661308      1.824790137      6.593689788      3.263830744     -2.597632517      4.422422654 
  5.516799721e-13     0.3498679477 -1.158567973e-14      1.399471791       2.15659008      7.919712297      3.268831526     -2.265874315      4.422464395 
  3.900966493e-13     0.3499153271  -1.85437642e-14      1.399661308      1.824790137      6.593689788      3.263830744     -2.597632517      4.422422654 
   2.75839986e-13     0.3498679477 -2.414243398e-14      1.399471791       2.15659008      7.919712297      3.268831526     -2.265874315      4.422464395 
  1.950483246e-13     0.3499153271 -2.990603971e-14      1.399661308      1.824790137      6.593689788      3.263830744     -2.597632517      4.422422654 
   1.37919993e-13     0.3498679477 -3.338325459e-14      1.399471791       2.15659008      7.919712297      3.268831526     -2.265874315      4.422464395 
  9.752416232e-14     0.3499153271 -3.510713003e-14      1.399661308      1.824790137      6.593689788      3.263830744     -2.597632517      4.422422654 
  6.895999651e-14     0.3498679477  -3.17735355e-14      1.399471791       2.15659008      7.919712297      3.268831526     -2.265874315      4.422464395 
  4.876208116e-14     0.3499153271 -2.816453086e-14      1.399661308      1.824790137      6.593689788      3.263830744     -2.597632517      4.422422654 
  3.447999825e-14     0.3498679477 -2.571678428e-14      1.399471791       2.15659008      7.919712297      3.268831526     -2.265874315      4.422464395 
  2.438104058e-14     0.3499153271 -1.999189718e-14      1.399661308      1.824790137      6.593689788      3.263830744     -2.597632517      4.422422654 
  1.723999913e-14     0.3498679477  -1.55407437e-14      1.399471791       2.15659008      7.919712297      3.268831526     -2.265874315      4.422464395 
  1.219052029e-14     0.3499153271  -9.04952573e-15      1.399661308      1.824790137      6.593689788      3.263830744     -2.597632517      4.422422654 
  8.619999563e-15     0.3498679477 -2.456791151e-15      1.399471791       2.15659008      7.919712297      3.268831526     -2.265874315      4.422464395 
  6.095260145e-15     0.3499153271  1.912904005e-15      1.399661308      1.824790137      6.593689788      3.263830744     -2.597632517      4.422422654 
  4.309999782e-15     0.3498679477  5.187218907e-15      1.399471791       2.15659008      7.919712297      3.268831526     -2.265874315      4.422464395 
  3.047630073e-15     0.3499153271   5.68170852e-15      1.399661308      1.824790137      6.593689788      3.263830744     -2.597632517      4.422422654 
  2.154999891e-15     0.3498679477  6.593411416e-15      1.399471791       2.15659008      7.919712297      3.268831526     -2.265874315      4.422464395 
  1.523815036e-15     0.3499153271  6.390868268e-15      1.399661308      1.824790137      6.593689788      3.263830744     -2.597632517      4.422422654 
  1.077499945e-15     0.3498679477  7.219378372e-15      1.399471791       2.15659008      7.919712297      3.268831526     -2.265874315      4.422464395 
