#               T           <Sz^2>              <Q>            <Q^2>              <E>            <E^2>                C                F                S 
      1.907716987            0.125                0              0.5                0                0                0     -1.386294361      1.386294361 
      1.206546162     0.2355805337 -1.641361178e-17     0.9423221348      0.744477549     0.7803990027     0.2261521817     -1.911620127      2.656097676 
     0.7630867946      0.313233771  1.481261218e-16      1.252935084      1.097199577      2.099685933     0.8958390205     -2.544880363      3.642079941 
     0.4826184647      0.330422662   1.61787197e-16      1.321690648      1.918502487      5.788504682      2.107852891     -2.126420889      4.044923376 
     0.3052347178     0.3135503463 -6.797931352e-16      1.254201385       1.61979342      5.552163579      2.928432855     -2.356611896      3.976405316 
     0.1930473859     0.2960021471  3.430100815e-15      1.184008588      1.860478725      6.385525927      2.924144841     -1.901933799      3.762412524 
     0.1220938871     0.2912013032  7.923913804e-15      1.164805213      1.401714652      4.578065869      2.613261902     -2.255603047        3.6573177 
    0.07721895435     0.2906192743  1.254390852e-14      1.162477097      1.769854348      5.674157133      2.541772721       -1.8775196      3.647373948 
    0.04883755486       0.29076244  1.339919395e-14       1.16304976      1.390932825      4.470096512       2.53540239      -2.25353478      3.644467604 
    0.03088758174     0.2905781284  1.468315945e-14      1.162312514      1.769869411      5.672392897      2.539955164     -1.876964315      3.646833726 
    0.01953502194     0.2907494677  1.465580271e-14      1.162997871      1.390907891      4.470153543      2.535528782     -2.253436416      3.644344306 
     0.0123550327     0.2905722438  1.661764147e-14      1.162288975      1.769901989      5.672577954      2.540024901     -1.876879011         3.646781 
   0.007814008777     0.2907474126   1.81990687e-14      1.162989651      1.390903932       4.47016247      2.535548722     -2.253420833      3.644324765 
   0.004942013078      0.290571305  1.809612973e-14       1.16228522      1.769907203      5.672607545      2.540036038     -1.876865389      3.646772592 
   0.003125603511     0.2907470844  1.668199058e-14      1.162988338        1.3909033      4.470163898      2.535551908     -2.253418344      3.644321644 
   0.001976805231     0.2905711549  2.016468567e-14       1.16228462      1.769908037       5.67261228      2.540037819     -1.876863211      3.646771248 
   0.001250241404     0.2907470319  2.520145381e-14      1.162988128      1.390903199      4.470164127      2.535552418     -2.253417946      3.644321145 
  0.0007907220925     0.2905711309  2.808957333e-14      1.162284524      1.769908171      5.672613038      2.540038104     -1.876862862      3.646771033 
  0.0005000965617     0.2907470235   3.05185645e-14      1.162988094      1.390903183      4.470164163        2.5355525     -2.253417883      3.644321065 
   0.000316288837      0.290571127  3.016598149e-14      1.162284508      1.769908192      5.672613159       2.54003815     -1.876862806      3.646770999 
  0.0002000386247     0.2907470221  2.882724171e-14      1.162988089       1.39090318      4.470164169      2.535552513     -2.253417872      3.644321052 
  0.0001265155348     0.2905711264  2.691889455e-14      1.162284506      1.769908196      5.672613178      2.540038157     -1.876862797      3.646770993 
  8.001544988e-05     0.2907470219  2.457872189e-14      1.162988088       1.39090318       4.47016417      2.535552515     -2.253417871       3.64432105 
  5.060621392e-05     0.2905711263  2.119779463e-14      1.162284505      1.769908196      5.672613182      2.540038158     -1.876862796      3.646770992 
  3.200617995e-05     0.2907470219  1.824650379e-14      1.162988088       1.39090318       4.47016417      2.535552515     -2.253417871       3.64432105 
  2.024248557e-05     0.2905711263   2.17883953e-14      1.162284505      1.769908196      5.672613182      2.540038159     -1.876862796      3.646770992 
  1.280247198e-05     0.2907470219  2.742846399e-14      1.162988088       1.39090318       4.47016417      2.535552515      -2.25341787       3.64432105 
  8.096994227e-06     0.2905711263  3.103947974e-14      1.162284505      1.769908196      5.672613182      2.540038159     -1.876862796      3.646770992 
  5.120988792e-06     0.2907470219   3.17060616e-14      1.162988088       1.39090318       4.47016417      2.535552515      -2.25341787       3.64432105 
  3.238797691e-06     0.2905711263  2.803760171e-14      1.162284505      1.769908196      5.672613182      2.540038159     -1.876862796      3.646770992 
  2.048395517e-06     0.2907470219  2.344233287e-14      1.162988088       1.39090318       4.47016417      2.535552515      -2.25341787       3.64432105 
  1.295519076e-06     0.2905711263  2.033192716e-14      1.162284505      1.769908196      5.672613182      2.540038159     -1.876862796      3.646770992 
  8.193582067e-07     0.2907470219  2.012692072e-14      1.162988088       1.39090318       4.47016417      2.535552515      -2.25341787       3.64432105 
  5.182076306e-07     0.2905711263  2.093199418e-14      1.162284505      1.769908196      5.672613182      2.540038159     -1.876862796      3.646770992 
  3.277432827e-07     0.2907470219  2.150156594e-14      1.162988088       1.39090318       4.47016417      2.535552515      -2.25341787       3.64432105 
  2.072830522e-07     0.2905711263     2.261462e-14      1.162284505      1.769908196      5.672613182      2.540038159     -1.876862796      3.646770992 
  1.310973131e-07     0.2907470219  2.430277808e-14      1.162988088       1.39090318       4.47016417      2.535552515      -2.25341787       3.64432105 
  8.291322089e-08     0.2905711263  2.466843138e-14      1.162284505      1.769908196      5.672613182      2.540038159     -1.876862796      3.646770992 
  5.243892523e-08     0.2907470219  2.553108077e-14      1.162988088       1.39090318       4.47016417      2.535552515      -2.25341787       3.64432105 
  3.316528836e-08     0.2905711263  2.339583057e-14      1.162284505      1.769908196      5.672613182      2.540038159     -1.876862796      3.646770992 
  2.097557009e-08     0.2907470219  2.239791593e-14      1.162988088       1.39090318       4.47016417      2.535552515      -2.25341787       3.64432105 
  1.326611534e-08     0.2905711263  2.200861218e-14      1.162284505      1.769908196      5.672613182      2.540038159     -1.876862796      3.646770992 
  8.390228037e-09     0.2907470219  2.225164725e-14      1.162988088       1.39090318       4.47016417      2.535552515      -2.25341787       3.64432105 
  5.306446137e-09     0.2905711263  2.052716004e-14      1.162284505      1.769908196      5.672613182      2.540038159     -1.876862796      3.646770992 
  3.356091215e-09     0.2907470219  1.924913881e-14      1.162988088       1.39090318       4.47016417      2.535552515      -2.25341787       3.64432105 
  2.122578455e-09     0.2905711263  1.944010327e-14      1.162284505      1.769908196      5.672613182      2.540038159     -1.876862796      3.646770992 
  1.342436486e-09     0.2907470219  2.238346258e-14      1.162988088       1.39090318       4.47016417      2.535552515      -2.25341787       3.64432105 
  8.490313819e-10     0.2905711263  2.566862504e-14      1.162284505      1.769908196      5.672613182      2.540038159     -1.876862796      3.646770992 
  5.369745944e-10     0.2907470219  2.961477974e-14      1.162988088       1.39090318       4.47016417      2.535552515      -2.25341787       3.64432105 
  3.396125528e-10     0.2905711263  2.999883426e-14      1.162284505      1.769908196      5.672613182      2.540038159     -1.876862796      3.646770992 
  2.147898377e-10     0.2907470219  2.903439761e-14      1.162988088       1.39090318       4.47016417      2.535552515      -2.25341787       3.64432105 
  1.358450211e-10     0.2905711263  2.872786295e-14      1.162284505      1.769908196      5.672613182      2.540038159     -1.876862796      3.646770992 
   8.59159351e-11     0.2907470219  2.965419086e-14      1.162988088       1.39090318       4.47016417      2.535552515      -2.25341787       3.64432105 
  5.433800844e-11     0.2905711263  2.765003398e-14      1.162284505      1.769908196      5.672613182      2.540038159     -1.876862796      3.646770992 
  3.436637404e-11     0.2907470219  2.687693492e-14      1.162988088       1.39090318       4.47016417      2.535552515      -2.25341787       3.64432105 
  2.173520338e-11     0.2905711263  2.537805634e-14      1.162284505      1.769908196      5.672613182      2.540038159     -1.876862796      3.646770992 
  1.374654962e-11     0.2907470219  2.508322873e-14      1.162988088       1.39090318       4.47016417      2.535552515      -2.25341787       3.64432105 
  8.694081351e-12     0.2905711263  2.215830195e-14      1.162284505      1.769908196      5.672613182      2.540038159     -1.876862796      3.646770992 
  5.498619846e-12     0.2907470219  1.848945565e-14      1.162988088       1.39090318       4.47016417      2.535552515      -2.25341787       3.64432105 
   3.47763254e-12     0.2905711263   2.07396526e-14      1.162284505      1.769908196      5.672613182      2.540038159     -1.876862796      3.646770992 
  2.199447938e-12     0.2907470219  2.458930609e-14      1.162988088       1.39090318       4.47016417      2.535552515      -2.25341787       3.64432105 
  1.391053016e-12     0.2905711263  2.719785918e-14      1.162284505      1.769908196      5.672613182      2.540038159     -1.876862796      3.646770992 
  8.797791754e-13     0.2907470219  2.671324983e-14      1.162988088       1.39090318       4.47016417      2.535552515      -2.25341787       3.64432105 
  5.564212064e-13     0.2905711263  2.755353853e-14      1.162284505      1.769908196      5.672613182      2.540038159     -1.876862796      3.646770992 
  3.519116702e-13     0.2907470219  2.834339349e-14      1.162988088       1.39090318       4.47016417      2.535552515      -2.25341787       3.64432105 
  2.225684826e-13     0.2905711263  2.632202538e-14      1.162284505      1.769908196      5.672613182      2.540038159     -1.876862796      3.646770992 
  1.407646681e-13     0.2907470219  2.475160671e-14      1.162988088       1.39090318       4.47016417      2.535552515      -2.25341787       3.64432105 
  8.902739303e-14     0.2905711263  2.030646863e-14      1.162284505      1.769908196      5.672613182      2.540038159     -1.876862796      3.646770992 
  5.630586723e-14     0.2907470219  1.636152156e-14      1.162988088       1.39090318       4.47016417      2.535552515      -2.25341787       3.64432105 
  3.561095721e-14     0.2905711263  1.316217258e-14      1.162284505      1.769908196      5.672613182      2.540038159     -1.876862796      3.646770992 
  2.252234689e-14     0.2907470219  1.282679518e-14      1.162988088       1.39090318       4.47016417      2.535552515      -2.25341787       3.64432105 
  1.424438289e-14     0.2905711263  1.134982283e-14      1.162284505      1.769908196      5.672613182      2.540038159     -1.876862796      3.646770992 
  9.008938756e-15     0.2907470219  1.309141042e-14      1.162988088       1.39090318       4.47016417      2.535552515      -2.25341787       3.64432105 
  5.697753154e-15     0.2905711263  1.157581817e-14      1.162284505      1.769908196      5.672613182      2.540038159     -1.876862796      3.646770992 
  3.603575502e-15     0.2907470219  9.739627975e-15      1.162988088       1.39090318       4.47016417      2.535552515      -2.25341787       3.64432105 
  2.279101262e-15     0.2905711263  6.837073421e-15      1.162284505      1.769908196      5.672613182      2.540038159     -1.876862796      3.646770992 
  1.441430201e-15     0.2907470219  6.658823687e-15      1.162988088       1.39090318       4.47016417      2.535552515      -2.25341787       3.64432105 
