#               1 
#               T 
      1.213157088 
     0.8578316037 
     0.6065785441 
     0.4289158019 
      0.303289272 
     0.2144579009 
      0.151644636 
     0.1072289505 
    0.07582231801 
    0.05361447523 
    0.03791115901 
    0.02680723762 
     0.0189555795 
    0.01340361881 
   0.009477789751 
   0.006701809404 
   0.004738894876 
   0.003350904702 
   0.002369447438 
   0.001675452351 
   0.001184723719 
  0.0008377261755 
  0.0005923618595 
  0.0004188630877 
  0.0002961809297 
  0.0002094315439 
  0.0001480904649 
  0.0001047157719 
  7.404523243e-05 
  5.235788597e-05 
  3.702261622e-05 
  2.617894298e-05 
  1.851130811e-05 
  1.308947149e-05 
  9.255654054e-06 
  6.544735746e-06 
  4.627827027e-06 
  3.272367873e-06 
  2.313913514e-06 
  1.636183937e-06 
  1.156956757e-06 
  8.180919683e-07 
  5.784783784e-07 
  4.090459841e-07 
  2.892391892e-07 
  2.045229921e-07 
  1.446195946e-07 
   1.02261496e-07 
   7.23097973e-08 
  5.113074802e-08 
  3.615489865e-08 
  2.556537401e-08 
  1.807744932e-08 
    1.2782687e-08 
  9.038724662e-09 
  6.391343502e-09 
  4.519362331e-09 
  3.195671751e-09 
  2.259681166e-09 
  1.597835875e-09 
  1.129840583e-09 
  7.989179377e-10 
  5.649202914e-10 
  3.994589689e-10 
  2.824601457e-10 
  1.997294844e-10 
  1.412300728e-10 
  9.986474222e-11 
  7.061503642e-11 
  4.993237111e-11 
  3.530751821e-11 
  2.496618555e-11 
  1.765375911e-11 
  1.248309278e-11 
  8.826879553e-12 
  6.241546389e-12 
  4.413439777e-12 
  3.120773194e-12 
  2.206719888e-12 
  1.560386597e-12 
  1.103359944e-12 
  7.801932986e-13 
  5.516799721e-13 
  3.900966493e-13 
   2.75839986e-13 
  1.950483246e-13 
   1.37919993e-13 
  9.752416232e-14 
  6.895999651e-14 
  4.876208116e-14 
  3.447999825e-14 
  2.438104058e-14 
  1.723999913e-14 
  1.219052029e-14 
  8.619999563e-15 
  6.095260145e-15 
  4.309999782e-15 
  3.047630073e-15 
  2.154999891e-15 
  1.523815036e-15 
  1.077499945e-15 
