# Input file for NRG Ljubljana
# symtype 	QS
# Using sneg version 	1.251
#!9
# Number of channels, chain sites, subspaces: 
1	100	3
# SCALE 	1.2131570881878404
# Energies (GS energy subtracted, multiplied by 1/SCALE):
-1	1
1
0.
0	2
1
0.
1	1
1
0.
# Irreducible matrix elements for Wilson chains:
f 0 0
2
1	1	0	2
1.4142135623730951
0	2	-1	1
1.
# GS energy in absolute units:
e
0.
# Irreducible matrix elements for other operators:
# Discretization tables:
z
100
0.58742471144433774646
0.50573813291227798242
0.40620306538496935448
0.29497073538324397407
0.21019712912273220167
0.14984981626352065897
0.10655688045106349058
0.075579813277509198228
0.053527985136073680012
0.037880454101976669648
0.026796360004706003421
0.018951729874970820414
0.013402257088399968136
0.0094773081927192942301
0.0067016391263219498604
0.004738834669822979856
0.0033508834153059549004
0.0023694399117824441005
0.0016754496900877297616
0.0011847227781620865046
0.00083772584287684204223
0.0005923617418699626377
0.00041886304616843786118
0.00029618091503375440057
0.00020943153867549899411
0.00014809046302922877789
0.00010471577128666037869
0.000074045232203658490597
0.000052357885886944076853
0.000037022616187959762831
0.000026178942973923775218
0.000018511308104746196258
0.000013089471490768354735
9.255654053718887489e-6
6.5447357458599857589e-6
4.6278270270276674147e-6
3.2723678729894689284e-6
2.3139135135348616661e-6
1.6361839365021689703e-6
1.1569567567700593279e-6
8.1809196825201379843e-7
5.784783783853582258e-7
4.0904598412612306337e-7
2.8923918919272018313e-7
2.0452299206307605221e-7
1.4461959459636522535e-7
1.0226149603153984117e-7
7.2309797298183254395e-8
5.1130748015770147467e-8
3.6154898649091707413e-8
2.5565374007885102094e-8
1.8077449324545863733e-8
1.2782687003942554592e-8
9.0387246622729331201e-9
6.3913435019712777392e-9
4.5193623311364667167e-9
3.195671750985638925e-9
2.2596811655682333779e-9
1.5978358754928194694e-9
1.1298405827841166914e-9
7.9891793774640973557e-10
5.6492029139205834601e-10
3.9945896887320486789e-10
2.8246014569602917305e-10
1.9972948443660243396e-10
1.4123007284801458653e-10
9.9864742218301216982e-11
7.0615036424007293264e-11
4.9932371109150608491e-11
3.5307518212003646632e-11
2.4966185554575304246e-11
1.7653759106001823316e-11
1.2483092777287652123e-11
8.8268795530009116581e-12
6.2415463886438260614e-12
4.413439776500455829e-12
3.1207731943219130307e-12
2.2067198882502279145e-12
1.5603865971609565154e-12
1.1033599441251139573e-12
7.8019329858047825768e-13
5.5167997206255697863e-13
3.9009664929023912884e-13
2.7583998603127848931e-13
1.9504832464511956442e-13
1.3791999301563924466e-13
9.7524162322559782209e-14
6.8959996507819622329e-14
4.8762081161279891105e-14
3.4479998253909811164e-14
2.4381040580639945552e-14
1.7239999126954905582e-14
1.2190520290319972776e-14
8.6199995634774527911e-15
6.0952601451599863881e-15
4.3099997817387263955e-15
3.047630072579993194e-15
2.1549998908693631978e-15
1.523815036289996597e-15
1.0774999454346815989e-15
7.6190751814499829851e-16
100
0.e-999
0.e-998
0.e-997
0.e-996
0.e-996
0.e-995
0.e-994
0.e-993
0.e-992
0.e-991
0.e-991
0.e-990
0.e-989
0.e-988
0.e-987
0.e-986
0.e-986
0.e-985
0.e-984
0.e-983
0.e-982
0.e-981
0.e-980
0.e-980
0.e-979
0.e-978
0.e-977
0.e-976
0.e-975
0.e-975
0.e-974
0.e-973
0.e-972
0.e-971
0.e-970
0.e-969
0.e-969
0.e-968
0.e-967
0.e-966
0.e-965
0.e-964
0.e-964
0.e-963
0.e-962
0.e-961
0.e-960
0.e-959
0.e-958
0.e-958
0.e-957
0.e-956
0.e-955
0.e-954
0.e-953
0.e-953
0.e-952
0.e-951
0.e-950
0.e-949
0.e-948
0.e-948
0.e-947
0.e-946
0.e-945
0.e-944
0.e-943
0.e-942
0.e-942
0.e-941
0.e-940
0.e-939
0.e-938
0.e-937
0.e-937
0.e-936
0.e-935
0.e-934
0.e-933
0.e-932
0.e-931
0.e-931
0.e-930
0.e-929
0.e-928
0.e-921
0.e-895
0.e-869
0.e-843
0.e-816
0.e-790
0.e-763
0.e-735
0.e-708
0.e-680
0.e-651
0.e-623
0.e-594
0.e-565
0.e-535
0.e-505
