#               T           <Sz^2>              <Q>            <Q^2>              <E>            <E^2>                C                F                S 
      1.213157088            0.125                0              0.5                0                0                0     -1.386294361      1.386294361 
     0.8578316037     0.2228395123                0     0.8913580494     0.9181390958       1.26095654     0.4179771407     -1.633049715      2.551188811 
     0.6065785441     0.2954254377  1.038427928e-17      1.181701751      1.113858025      2.353892849      1.113213149     -2.369438049      3.483296074 
     0.4289158019     0.3346854469 -2.246484081e-17      1.338741788      1.889673181      5.623846657      2.052981926     -2.192486756      4.082159937 
      0.303289272     0.3491518726 -1.868154132e-16       1.39660749      1.774270964      6.000790659      2.852753206     -2.592778097       4.36704906 
     0.2144579009     0.3509249373  2.351224903e-16      1.403699749      2.172222921      7.967371829      3.248819411     -2.265017714      4.437240635 
      0.151644636     0.3502041652 -3.087951363e-15      1.400816661      1.834563362      6.672156058      3.306533329     -2.597551963      4.432115325 
     0.1072289505     0.3498073928 -5.142467353e-15      1.399229571      2.159433293      7.947714446      3.284562297      -2.26423816      4.423671454 
    0.07582231801     0.3498507052 -3.080723086e-15      1.399402821      1.824888774      6.596039588      3.265820552     -2.597059012      4.421947786 
    0.05361447523     0.3498332147 -2.574010968e-15      1.399332859      2.156759759      7.920800325      3.269187669     -2.265384014      4.422143773 
    0.03791115901     0.3498984354   1.28653011e-15      1.399593741      1.824781478      6.593845479      3.264018036      -2.59748516      4.422266638 
    0.02680723762     0.3498592429  2.110458739e-15      1.399436972      2.156633395      7.919998782      3.268931179       -2.2657517      4.422385095 
     0.0189555795     0.3499111004   -4.0166489e-16      1.399644402      1.824787971       6.59372876      3.263877623     -2.597595646      4.422383616 
    0.01340361881     0.3498657707 -1.489930719e-15      1.399463083      2.156600908      7.919783924      3.268856449     -2.265843654      4.422444562 
   0.009477789751     0.3499142702 -4.978549172e-16      1.399657081      1.824789596      6.593699535      3.263842467     -2.597623297      4.422412893 
   0.006701809404     0.3498674034 -2.800106003e-15      1.399469614      2.156592787      7.919730205      3.268837757      -2.26586665      4.422459436 
   0.004738894876     0.3499150628 -3.451378722e-15      1.399660251      1.824790002      6.593692225      3.263833675     -2.597630212      4.422420214 
   0.003350904702     0.3498678117 -5.777176843e-15      1.399471247      2.156590756      7.919716774      3.268833084     -2.265872399      4.422463155 
   0.002369447438      0.349915261 -8.200271227e-15      1.399661044      1.824790103      6.593690398      3.263831477     -2.597631941      4.422422044 
   0.001675452351     0.3498679137 -1.093868724e-14      1.399471655      2.156590249      7.919713417      3.268831916     -2.265873836      4.422464085 
   0.001184723719     0.3499153106 -1.104573579e-14      1.399661242      1.824790129      6.593689941      3.263830927     -2.597632373      4.422422502 
  0.0008377261755     0.3498679392 -1.244663226e-14      1.399471757      2.156590122      7.919712577      3.268831623     -2.265874196      4.422464317 
  0.0005923618595     0.3499153229 -1.278306002e-14      1.399661292      1.824790135      6.593689826      3.263830789     -2.597632481      4.422422616 
  0.0004188630877     0.3498679456 -1.514152833e-14      1.399471782       2.15659009      7.919712367       3.26883155     -2.265874285      4.422464376 
  0.0002961809297      0.349915326 -1.700075894e-14      1.399661304      1.824790137      6.593689798      3.263830755     -2.597632508      4.422422645 
  0.0002094315439     0.3498679472 -1.968923314e-14      1.399471789      2.156590082      7.919712314      3.268831532     -2.265874308       4.42246439 
  0.0001480904649     0.3499153268  -2.10792982e-14      1.399661307      1.824790137       6.59368979      3.263830746     -2.597632515      4.422422652 
  0.0001047157719     0.3498679476 -2.309308912e-14       1.39947179       2.15659008      7.919712301      3.268831527     -2.265874314      4.422464394 
  7.404523243e-05      0.349915327 -2.088692845e-14      1.399661308      1.824790137      6.593689789      3.263830744     -2.597632516      4.422422653 
  5.235788597e-05     0.3498679477 -1.909992232e-14      1.399471791       2.15659008      7.919712298      3.268831526     -2.265874315      4.422464395 
  3.702261622e-05      0.349915327 -1.582534015e-14      1.399661308      1.824790137      6.593689788      3.263830744     -2.597632517      4.422422654 
  2.617894298e-05     0.3498679477 -1.105414889e-14      1.399471791       2.15659008      7.919712297      3.268831526     -2.265874315      4.422464395 
  1.851130811e-05     0.3499153271 -4.518615966e-15      1.399661308      1.824790137      6.593689788      3.263830744     -2.597632517      4.422422654 
  1.308947149e-05     0.3498679477  2.486759771e-15      1.399471791       2.15659008      7.919712297      3.268831526     -2.265874315      4.422464395 
  9.255654054e-06     0.3499153271  4.959899183e-15      1.399661308      1.824790137      6.593689788      3.263830744     -2.597632517      4.422422654 
  6.544735746e-06     0.3498679477  7.323968287e-15      1.399471791       2.15659008      7.919712297      3.268831526     -2.265874315      4.422464395 
  4.627827027e-06     0.3499153271  9.315216556e-15      1.399661308      1.824790137      6.593689788      3.263830744     -2.597632517      4.422422654 
  3.272367873e-06     0.3498679477  9.837449331e-15      1.399471791       2.15659008      7.919712297      3.268831526     -2.265874315      4.422464395 
  2.313913514e-06     0.3499153271  1.553713518e-14      1.399661308      1.824790137      6.593689788      3.263830744     -2.597632517      4.422422654 
  1.636183937e-06     0.3498679477   1.84607542e-14      1.399471791       2.15659008      7.919712297      3.268831526     -2.265874315      4.422464395 
  1.156956757e-06     0.3499153271  2.346565092e-14      1.399661308      1.824790137      6.593689788      3.263830744     -2.597632517      4.422422654 
  8.180919683e-07     0.3498679477  2.661501267e-14      1.399471791       2.15659008      7.919712297      3.268831526     -2.265874315      4.422464395 
  5.784783784e-07     0.3499153271  2.923864015e-14      1.399661308      1.824790137      6.593689788      3.263830744     -2.597632517      4.422422654 
  4.090459841e-07     0.3498679477  2.956945597e-14      1.399471791       2.15659008      7.919712297      3.268831526     -2.265874315      4.422464395 
  2.892391892e-07     0.3499153271  3.290878881e-14      1.399661308      1.824790137      6.593689788      3.263830744     -2.597632517      4.422422654 
  2.045229921e-07     0.3498679477  3.699897372e-14      1.399471791       2.15659008      7.919712297      3.268831526     -2.265874315      4.422464395 
  1.446195946e-07     0.3499153271  3.999786889e-14      1.399661308      1.824790137      6.593689788      3.263830744     -2.597632517      4.422422654 
   1.02261496e-07     0.3498679477  4.309315535e-14      1.399471791       2.15659008      7.919712297      3.268831526     -2.265874315      4.422464395 
   7.23097973e-08     0.3499153271  4.627610957e-14      1.399661308      1.824790137      6.593689788      3.263830744     -2.597632517      4.422422654 
  5.113074802e-08     0.3498679477  4.742698097e-14      1.399471791       2.15659008      7.919712297      3.268831526     -2.265874315      4.422464395 
  3.615489865e-08     0.3499153271   5.01083883e-14      1.399661308      1.824790137      6.593689788      3.263830744     -2.597632517      4.422422654 
  2.556537401e-08     0.3498679477  5.361978048e-14      1.399471791       2.15659008      7.919712297      3.268831526     -2.265874315      4.422464395 
  1.807744932e-08     0.3499153271  5.683426222e-14      1.399661308      1.824790137      6.593689788      3.263830744     -2.597632517      4.422422654 
    1.2782687e-08     0.3498679477  6.008087424e-14      1.399471791       2.15659008      7.919712297      3.268831526     -2.265874315      4.422464395 
  9.038724662e-09     0.3499153271  6.273347214e-14      1.399661308      1.824790137      6.593689788      3.263830744     -2.597632517      4.422422654 
  6.391343502e-09     0.3498679477   6.39902954e-14      1.399471791       2.15659008      7.919712297      3.268831526     -2.265874315      4.422464395 
  4.519362331e-09     0.3499153271  6.619954956e-14      1.399661308      1.824790137      6.593689788      3.263830744     -2.597632517      4.422422654 
  3.195671751e-09     0.3498679477  6.613538721e-14      1.399471791       2.15659008      7.919712297      3.268831526     -2.265874315      4.422464395 
  2.259681166e-09     0.3499153271   6.69968782e-14      1.399661308      1.824790137      6.593689788      3.263830744     -2.597632517      4.422422654 
  1.597835875e-09     0.3498679477  6.920844704e-14      1.399471791       2.15659008      7.919712297      3.268831526     -2.265874315      4.422464395 
  1.129840583e-09     0.3499153271  7.021029955e-14      1.399661308      1.824790137      6.593689788      3.263830744     -2.597632517      4.422422654 
  7.989179377e-10     0.3498679477  7.360127495e-14      1.399471791       2.15659008      7.919712297      3.268831526     -2.265874315      4.422464395 
  5.649202914e-10     0.3499153271   7.95415816e-14      1.399661308      1.824790137      6.593689788      3.263830744     -2.597632517      4.422422654 
  3.994589689e-10     0.3498679477  8.169376531e-14      1.399471791       2.15659008      7.919712297      3.268831526     -2.265874315      4.422464395 
  2.824601457e-10     0.3499153271  8.416067198e-14      1.399661308      1.824790137      6.593689788      3.263830744     -2.597632517      4.422422654 
  1.997294844e-10     0.3498679477  8.820421528e-14      1.399471791       2.15659008      7.919712297      3.268831526     -2.265874315      4.422464395 
  1.412300728e-10     0.3499153271  9.875165213e-14      1.399661308      1.824790137      6.593689788      3.263830744     -2.597632517      4.422422654 
  9.986474222e-11     0.3498679477  1.067202397e-13      1.399471791       2.15659008      7.919712297      3.268831526     -2.265874315      4.422464395 
  7.061503642e-11     0.3499153271   1.14141006e-13      1.399661308      1.824790137      6.593689788      3.263830744     -2.597632517      4.422422654 
  4.993237111e-11     0.3498679477  1.183126913e-13      1.399471791       2.15659008      7.919712297      3.268831526     -2.265874315      4.422464395 
  3.530751821e-11     0.3499153271  1.196719827e-13      1.399661308      1.824790137      6.593689788      3.263830744     -2.597632517      4.422422654 
  2.496618555e-11     0.3498679477  1.221603575e-13      1.399471791       2.15659008      7.919712297      3.268831526     -2.265874315      4.422464395 
  1.765375911e-11     0.3499153271  1.289249799e-13      1.399661308      1.824790137      6.593689788      3.263830744     -2.597632517      4.422422654 
  1.248309278e-11     0.3498679477  1.356198891e-13      1.399471791       2.15659008      7.919712297      3.268831526     -2.265874315      4.422464395 
  8.826879553e-12     0.3499153271  1.462140063e-13      1.399661308      1.824790137      6.593689788      3.263830744     -2.597632517      4.422422654 
  6.241546389e-12     0.3498679477   1.54686787e-13      1.399471791       2.15659008      7.919712297      3.268831526     -2.265874315      4.422464395 
  4.413439777e-12     0.3499153271  1.631558456e-13      1.399661308      1.824790137      6.593689788      3.263830744     -2.597632517      4.422422654 
  3.120773194e-12     0.3498679477  1.681739107e-13      1.399471791       2.15659008      7.919712297      3.268831526     -2.265874315      4.422464395 
  2.206719888e-12     0.3499153271  1.730119715e-13      1.399661308      1.824790137      6.593689788      3.263830744     -2.597632517      4.422422654 
  1.560386597e-12     0.3498679477  1.767539082e-13      1.399471791       2.15659008      7.919712297      3.268831526     -2.265874315      4.422464395 
  1.103359944e-12     0.3499153271  1.831796529e-13      1.399661308      1.824790137      6.593689788      3.263830744     -2.597632517      4.422422654 
  7.801932986e-13     0.3498679477  1.869874686e-13      1.399471791       2.15659008      7.919712297      3.268831526     -2.265874315      4.422464395 
  5.516799721e-13     0.3499153271  1.895256798e-13      1.399661308      1.824790137      6.593689788      3.263830744     -2.597632517      4.422422654 
  3.900966493e-13     0.3498679477  1.902698541e-13      1.399471791       2.15659008      7.919712297      3.268831526     -2.265874315      4.422464395 
   2.75839986e-13     0.3499153271  1.928496176e-13      1.399661308      1.824790137      6.593689788      3.263830744     -2.597632517      4.422422654 
  1.950483246e-13     0.3498679477  1.927320493e-13      1.399471791       2.15659008      7.919712297      3.268831526     -2.265874315      4.422464395 
   1.37919993e-13     0.3499153271  1.950192587e-13      1.399661308      1.824790137      6.593689788      3.263830744     -2.597632517      4.422422654 
  9.752416232e-14     0.3498679477  1.943534063e-13      1.399471791       2.15659008      7.919712297      3.268831526     -2.265874315      4.422464395 
  6.895999651e-14     0.3499153271  1.902772831e-13      1.399661308      1.824790137      6.593689788      3.263830744     -2.597632517      4.422422654 
  4.876208116e-14     0.3498679477  1.824752867e-13      1.399471791       2.15659008      7.919712297      3.268831526     -2.265874315      4.422464395 
  3.447999825e-14     0.3499153271  1.756998413e-13      1.399661308      1.824790137      6.593689788      3.263830744     -2.597632517      4.422422654 
  2.438104058e-14     0.3498679477  1.711713449e-13      1.399471791       2.15659008      7.919712297      3.268831526     -2.265874315      4.422464395 
  1.723999913e-14     0.3499153271  1.689231907e-13      1.399661308      1.824790137      6.593689788      3.263830744     -2.597632517      4.422422654 
  1.219052029e-14     0.3498679477  1.652579328e-13      1.399471791       2.15659008      7.919712297      3.268831526     -2.265874315      4.422464395 
  8.619999563e-15     0.3499153271   1.62561586e-13      1.399661308      1.824790137      6.593689788      3.263830744     -2.597632517      4.422422654 
  6.095260145e-15     0.3498679477  1.557818116e-13      1.399471791       2.15659008      7.919712297      3.268831526     -2.265874315      4.422464395 
  4.309999782e-15     0.3499153271  1.554135233e-13      1.399661308      1.824790137      6.593689788      3.263830744     -2.597632517      4.422422654 
  3.047630073e-15     0.3498679477  1.554240905e-13      1.399471791       2.15659008      7.919712297      3.268831526     -2.265874315      4.422464395 
  2.154999891e-15     0.3499153271  1.600145102e-13      1.399661308      1.824790137      6.593689788      3.263830744     -2.597632517      4.422422654 
  1.523815036e-15     0.3498679477  1.623668702e-13      1.399471791       2.15659008      7.919712297      3.268831526     -2.265874315      4.422464395 
  1.077499945e-15     0.3499153271  1.648658486e-13      1.399661308      1.824790137      6.593689788      3.263830744     -2.597632517      4.422422654 
