#               1 
#               T 
      2.308263948 
      1.459874303 
     0.9233055792 
     0.5839497213 
     0.3693222317 
     0.2335798885 
     0.1477288927 
    0.09343195541 
    0.05909155707 
    0.03737278217 
    0.02363662283 
    0.01494911287 
   0.009454649131 
   0.005979645147 
   0.003781859653 
   0.002391858059 
   0.001512743861 
  0.0009567432234 
  0.0006050975444 
  0.0003826972894 
  0.0002420390178 
  0.0001530789158 
   9.68156071e-05 
   6.12315663e-05 
  3.872624284e-05 
  2.449262652e-05 
  1.549049714e-05 
  9.797050608e-06 
  6.196198855e-06 
  3.918820243e-06 
  2.478479542e-06 
  1.567528097e-06 
  9.913918167e-07 
  6.270112389e-07 
  3.965567267e-07 
  2.508044956e-07 
  1.586226907e-07 
  1.003217982e-07 
  6.344907627e-08 
  4.012871929e-08 
  2.537963051e-08 
  1.605148772e-08 
   1.01518522e-08 
  6.420595086e-09 
  4.060740881e-09 
  2.568238035e-09 
  1.624296353e-09 
  1.027295214e-09 
   6.49718541e-10 
  4.109180855e-10 
  2.598874164e-10 
  1.643672342e-10 
  1.039549666e-10 
  6.574689369e-11 
  4.158198663e-11 
  2.629875747e-11 
  1.663279465e-11 
  1.051950299e-11 
   6.65311786e-12 
  4.207801196e-12 
  2.661247144e-12 
  1.683120478e-12 
  1.064498858e-12 
  6.732481913e-13 
   4.25799543e-13 
  2.692992765e-13 
  1.703198172e-13 
  1.077197106e-13 
  6.812792689e-14 
  4.308788425e-14 
  2.725117075e-14 
   1.72351537e-14 
   1.09004683e-14 
  6.894061479e-15 
  4.360187321e-15 
  2.757624592e-15 
  1.744074928e-15 
  1.103049837e-15 
