# Input file for NRG Ljubljana
# symtype 	QS
# Using sneg version 	1.251
#!9
# Number of channels, chain sites, subspaces: 
1	77	6
# SCALE 	2.308263948060854
# Energies (GS energy subtracted, multiplied by 1/SCALE):
-2	1
1
0.021661300927913563
-1	2
2
0.	0.021661300927913563
0	1
3
0.	0.021661300927913563	0.021661300927913563
0	3
1
0.
1	2
2
0.	0.021661300927913563
2	1
1
0.021661300927913563
# Irreducible matrix elements for Wilson chains:
f 0 0
6
2	1	1	2
0.	1.4142135623730951
1	2	0	3
1.224744871391589
0.
1	2	0	1
-0.7071067811865475	0.	0.
0.	1.	0.
0	3	-1	2
1.	0.
0	1	-1	2
1.	0.
0.	0.
0.	1.4142135623730951
-1	2	-2	1
0.
1.
# GS energy in absolute units:
e
0.
# Irreducible matrix elements for other operators:
# Discretization tables:
z
77
0.54924130924853544469
0.50563479533566789383
0.63774492861716594997
0.55561756129149773595
0.2847684972688119629
0.15363793931861699461
0.094352509117561655732
0.059299077879751835259
0.037423652315713405818
0.02364934479168082038
0.014952316867271370188
0.0094554582436570053986
0.0059798496922168175207
0.0037819113842515329717
0.0023918711443283236108
0.0015127471713074038026
0.00095674406087357150196
0.00060509775625468303384
0.00038269734297126002453
0.00024203903131880070064
0.00015307891918051344536
0.000096815607971825114691
0.000061231566519696155146
0.000038726242897165775185
0.00002449262653411789404
0.000015490497140206199001
9.7970506089264814905e-6
6.196198854888232515e-6
3.9188202432684693265e-6
2.4784795418788611928e-6
1.5675280972880518414e-6
9.9139181674665284106e-7
6.2701123891398323964e-7
3.9655672669834807172e-7
2.5080449556551409605e-7
1.5862269067931919255e-7
1.0032179822620056963e-7
6.3449076271726394705e-8
4.0128719290479903451e-8
2.5379630508690475814e-8
1.6051487716191940619e-8
1.0151852203476185073e-8
6.4205950864767749187e-9
4.0607408813904736932e-9
2.5682380345907098824e-9
1.6242963525561894557e-9
1.0272952138362839475e-9
6.4971854102247578092e-10
4.1091808553451357867e-10
2.5988741640899031228e-10
1.6436723421380543144e-10
1.0395496656359612491e-10
6.5746893685522172576e-11
4.1581986625438449962e-11
2.629875747420886903e-11
1.6632794650175379985e-11
1.0519502989683547612e-11
6.653117860070151994e-12
4.2078011958734190449e-12
2.6612471440280607976e-12
1.6831204783493676179e-12
1.064498857611224319e-12
6.7324819133974704718e-13
4.2579954304448972761e-13
2.6929927653589881887e-13
1.7031981721779589105e-13
1.0771971061435952755e-13
6.8127926887118356418e-14
4.3087884245743811019e-14
2.7251170754847342567e-14
1.7235153698297524408e-14
1.0900468301938937027e-14
6.8940614793190097631e-15
4.3601873207755748108e-15
2.7576245917276039052e-15
1.7440749283102299243e-15
1.1030498366910415621e-15
6.9762997132409196972e-16
77
0.e-999
0.e-998
0.e-998
0.e-997
0.e-996
0.e-995
0.e-994
0.e-993
0.e-992
0.e-992
0.e-991
0.e-990
0.e-989
0.e-988
0.e-987
0.e-986
0.e-986
0.e-985
0.e-984
0.e-983
0.e-982
0.e-981
0.e-980
0.e-979
0.e-979
0.e-978
0.e-977
0.e-976
0.e-975
0.e-974
0.e-973
0.e-973
0.e-972
0.e-971
0.e-970
0.e-969
0.e-968
0.e-967
0.e-966
0.e-966
0.e-965
0.e-964
0.e-963
0.e-962
0.e-961
0.e-960
0.e-960
0.e-959
0.e-958
0.e-957
0.e-956
0.e-955
0.e-954
0.e-953
0.e-953
0.e-952
0.e-951
0.e-950
0.e-949
0.e-948
0.e-947
0.e-947
0.e-946
0.e-945
0.e-944
0.e-943
0.e-942
0.e-941
0.e-940
0.e-940
0.e-939
0.e-938
0.e-937
0.e-936
0.e-935
0.e-914
0.e-884
0.e-854
