#               T           <Sz^2>              <Q>            <Q^2>              <E>            <E^2>                C                F                S 
      2.308263948     0.2513537784  -1.40280874e-17     0.9945848865    0.01071335206  0.0002320651429  0.0001172892306     -2.761816722      2.772530074 
      1.459874303     0.3684983943  6.282096812e-17      1.456870489     0.6293826584     0.5330680707     0.1369455401     -3.459813957      4.089196616 
     0.9233055792     0.4665956045  5.713293139e-17      1.839312407      1.023127627      1.605086887      0.558296746     -4.219698483       5.24282611 
     0.5839497213     0.4995840829 -1.893378692e-16      1.955550564      2.031154899      5.907190097      1.781599875     -3.777835717      5.808990616 
     0.3693222317     0.4690448941 -1.407604322e-15      1.808582011      1.852446387      6.500538748      3.068981132     -3.786620363       5.63906675 
     0.2335798885     0.4414925916 -7.195250913e-15      1.659330888       2.05075674      7.431886847      3.226283641     -3.220881271      5.271638011 
     0.1477288927     0.4379719103 -1.165992408e-14      1.584254578      1.560038096      5.168257297      2.734538435     -3.490892173      5.050930269 
    0.09343195541      0.448340257 -1.791518285e-14       1.53197869      1.967001489      6.474702567      2.605607709     -3.032471978      4.999473467 
    0.05909155707       0.46570074 -2.143064023e-14      1.463254108      1.644122328      5.379407507      2.676269278       -3.3037661      4.947888429 
    0.03737278217     0.4886118929 -2.243163111e-14      1.370155798      2.047464911      7.021849183      2.829736622     -2.803221985      4.850686896 
    0.02363662283     0.5138320932 -2.139867551e-14       1.27047753      1.617571051      5.571286893      2.954750788     -3.060365521      4.677936571 
    0.01494911287     0.5320359697 -2.070910096e-14      1.196249302      1.883159859      6.446882746      2.900591692     -2.604645748      4.487805607 
   0.009454649131     0.5394758187 -1.952825683e-14      1.167884981      1.416467883      4.670928397      2.664547133     -2.951509648      4.367977531 
   0.005979645147     0.5404966149 -1.871187469e-14      1.162441741      1.771297921      5.687690428      2.550194101     -2.570195474      4.341493396 
   0.003781859653     0.5407277613  -1.91786843e-14      1.162911045      1.390252837      4.461346275      2.528543324     -2.946501989      4.336754826 
   0.002391858059     0.5405621898 -2.051190229e-14      1.162248759      1.769547432      5.667384471      2.536086358     -2.569975765      4.339523197 
   0.001512743861     0.5407319493 -2.050920926e-14      1.162927797      1.390341343      4.462459278      2.529410229     -2.946510699      4.336852042 
  0.0009567432234     0.5405621712 -2.229983835e-14      1.162248685      1.769548252      5.667391797      2.536090781     -2.569975051      4.339523303 
  0.0006050975444     0.5407319356 -2.407691285e-14      1.162927742      1.390341355      4.462459626      2.529410543     -2.946510578      4.336851932 
  0.0003826972894     0.5405621649 -3.049365167e-14      1.162248659      1.769548324      5.667392225      2.536090953     -2.569974936       4.33952326 
  0.0002420390178     0.5407319339 -3.405461476e-14      1.162927736      1.390341361      4.462459699        2.5294106     -2.946510562      4.336851923 
  0.0001530789158     0.5405621643 -3.651190351e-14      1.162248657      1.769548338      5.667392306      2.536090984     -2.569974921      4.339523259 
   9.68156071e-05      0.540731934 -3.599995905e-14      1.162927736      1.390341364      4.462459721      2.529410612     -2.946510562      4.336851926 
   6.12315663e-05     0.5405621645 -3.631422258e-14      1.162248658      1.769548342      5.667392326      2.536090992      -2.56997492      4.339523262 
  3.872624284e-05     0.5407319341 -3.486293597e-14      1.162927737      1.390341366      4.462459729      2.529410616     -2.946510562      4.336851928 
  2.449262652e-05     0.5405621646 -3.699976143e-14      1.162248658      1.769548343      5.667392332      2.536090994     -2.569974921      4.339523263 
  1.549049714e-05     0.5407319342 -3.548449121e-14      1.162927737      1.390341366      4.462459732      2.529410617     -2.946510563      4.336851929 
  9.797050608e-06     0.5405621646 -3.740687828e-14      1.162248658      1.769548343      5.667392334      2.536090995     -2.569974921      4.339523264 
  6.196198855e-06     0.5407319342 -3.700679967e-14      1.162927737      1.390341366      4.462459733      2.529410618     -2.946510563       4.33685193 
  3.918820243e-06     0.5405621646 -3.686177621e-14      1.162248659      1.769548343      5.667392335      2.536090995     -2.569974921      4.339523264 
  2.478479542e-06     0.5407319343 -3.678123267e-14      1.162927737      1.390341367      4.462459733      2.529410618     -2.946510563       4.33685193 
  1.567528097e-06     0.5405621646 -3.915902945e-14      1.162248659      1.769548343      5.667392335      2.536090995     -2.569974921      4.339523265 
  9.913918167e-07     0.5407319343 -3.884840404e-14      1.162927737      1.390341367      4.462459734      2.529410618     -2.946510563       4.33685193 
  6.270112389e-07     0.5405621646 -3.811488142e-14      1.162248659      1.769548343      5.667392335      2.536090995     -2.569974921      4.339523265 
  3.965567267e-07     0.5407319343 -3.406973937e-14      1.162927737      1.390341367      4.462459734      2.529410618     -2.946510563       4.33685193 
  2.508044956e-07     0.5405621646 -3.290028456e-14      1.162248659      1.769548343      5.667392335      2.536090995     -2.569974921      4.339523265 
  1.586226907e-07     0.5407319343 -3.053641033e-14      1.162927737      1.390341367      4.462459734      2.529410618     -2.946510563       4.33685193 
  1.003217982e-07     0.5405621646 -3.182930791e-14      1.162248659      1.769548343      5.667392335      2.536090995     -2.569974921      4.339523265 
  6.344907627e-08     0.5407319343 -3.101855096e-14      1.162927737      1.390341367      4.462459734      2.529410618     -2.946510563       4.33685193 
  4.012871929e-08     0.5405621646 -3.400128776e-14      1.162248659      1.769548343      5.667392335      2.536090995     -2.569974921      4.339523265 
  2.537963051e-08     0.5407319343 -3.419388272e-14      1.162927737      1.390341367      4.462459734      2.529410618     -2.946510563       4.33685193 
  1.605148772e-08     0.5405621646 -3.468731623e-14      1.162248659      1.769548343      5.667392335      2.536090995     -2.569974921      4.339523265 
   1.01518522e-08     0.5407319343  -3.23550957e-14      1.162927737      1.390341367      4.462459734      2.529410618     -2.946510563       4.33685193 
  6.420595086e-09     0.5405621646 -3.344840095e-14      1.162248659      1.769548343      5.667392335      2.536090995     -2.569974921      4.339523265 
  4.060740881e-09     0.5407319343 -3.392979516e-14      1.162927737      1.390341367      4.462459734      2.529410618     -2.946510563       4.33685193 
  2.568238035e-09     0.5405621646  -3.63019941e-14      1.162248659      1.769548343      5.667392335      2.536090995     -2.569974921      4.339523265 
  1.624296353e-09     0.5407319343 -3.581144624e-14      1.162927737      1.390341367      4.462459734      2.529410618     -2.946510563       4.33685193 
  1.027295214e-09     0.5405621646 -3.474328453e-14      1.162248659      1.769548343      5.667392335      2.536090995     -2.569974921      4.339523265 
   6.49718541e-10     0.5407319343 -3.195394963e-14      1.162927737      1.390341367      4.462459734      2.529410618     -2.946510563       4.33685193 
  4.109180855e-10     0.5405621646 -3.187549678e-14      1.162248659      1.769548343      5.667392335      2.536090995     -2.569974921      4.339523265 
  2.598874164e-10     0.5407319343 -3.036650869e-14      1.162927737      1.390341367      4.462459734      2.529410618     -2.946510563       4.33685193 
  1.643672342e-10     0.5405621646 -3.328537642e-14      1.162248659      1.769548343      5.667392335      2.536090995     -2.569974921      4.339523265 
  1.039549666e-10     0.5407319343 -3.611266205e-14      1.162927737      1.390341367      4.462459734      2.529410618     -2.946510563       4.33685193 
  6.574689369e-11     0.5405621646 -3.989477766e-14      1.162248659      1.769548343      5.667392335      2.536090995     -2.569974921      4.339523265 
  4.158198663e-11     0.5407319343 -4.034784047e-14      1.162927737      1.390341367      4.462459734      2.529410618     -2.946510563       4.33685193 
  2.629875747e-11     0.5405621646 -3.924826631e-14      1.162248659      1.769548343      5.667392335      2.536090995     -2.569974921      4.339523265 
  1.663279465e-11     0.5407319343 -3.597557222e-14      1.162927737      1.390341367      4.462459734      2.529410618     -2.946510563       4.33685193 
  1.051950299e-11     0.5405621646 -3.499268667e-14      1.162248659      1.769548343      5.667392335      2.536090995     -2.569974921      4.339523265 
   6.65311786e-12     0.5407319343 -3.532675161e-14      1.162927737      1.390341367      4.462459734      2.529410618     -2.946510563       4.33685193 
  4.207801196e-12     0.5405621646 -3.576240101e-14      1.162248659      1.769548343      5.667392335      2.536090995     -2.569974921      4.339523265 
  2.661247144e-12     0.5407319343 -3.324261201e-14      1.162927737      1.390341367      4.462459734      2.529410618     -2.946510563       4.33685193 
  1.683120478e-12     0.5405621646 -3.033564282e-14      1.162248659      1.769548343      5.667392335      2.536090995     -2.569974921      4.339523265 
  1.064498858e-12     0.5407319343 -2.565567854e-14      1.162927737      1.390341367      4.462459734      2.529410618     -2.946510563       4.33685193 
  6.732481913e-13     0.5405621646 -2.712754138e-14      1.162248659      1.769548343      5.667392335      2.536090995     -2.569974921      4.339523265 
   4.25799543e-13     0.5407319343  -2.85456836e-14      1.162927737      1.390341367      4.462459734      2.529410618     -2.946510563       4.33685193 
  2.692992765e-13     0.5405621646 -2.899987655e-14      1.162248659      1.769548343      5.667392335      2.536090995     -2.569974921      4.339523265 
  1.703198172e-13     0.5407319343 -2.776409103e-14      1.162927737      1.390341367      4.462459734      2.529410618     -2.946510563       4.33685193 
  1.077197106e-13     0.5405621646 -2.646876216e-14      1.162248659      1.769548343      5.667392335      2.536090995     -2.569974921      4.339523265 
  6.812792689e-14     0.5407319343 -2.408694552e-14      1.162927737      1.390341367      4.462459734      2.529410618     -2.946510563       4.33685193 
  4.308788425e-14     0.5405621646 -2.481105082e-14      1.162248659      1.769548343      5.667392335      2.536090995     -2.569974921      4.339523265 
  2.725117075e-14     0.5407319343 -2.518754785e-14      1.162927737      1.390341367      4.462459734      2.529410618     -2.946510563       4.33685193 
   1.72351537e-14     0.5405621646 -2.549267604e-14      1.162248659      1.769548343      5.667392335      2.536090995     -2.569974921      4.339523265 
   1.09004683e-14     0.5407319343 -2.217407851e-14      1.162927737      1.390341367      4.462459734      2.529410618     -2.946510563       4.33685193 
  6.894061479e-15     0.5405621646 -2.148920895e-14      1.162248659      1.769548343      5.667392335      2.536090995     -2.569974921      4.339523265 
  4.360187321e-15     0.5407319343 -2.165876304e-14      1.162927737      1.390341367      4.462459734      2.529410618     -2.946510563       4.33685193 
  2.757624592e-15     0.5405621646 -2.146994933e-14      1.162248659      1.769548343      5.667392335      2.536090995     -2.569974921      4.339523265 
  1.744074928e-15     0.5407319343 -2.183188494e-14      1.162927737      1.390341367      4.462459734      2.529410618     -2.946510563       4.33685193 
  1.103049837e-15     0.5405621646 -1.982686409e-14      1.162248659      1.769548343      5.667392335      2.536090995     -2.569974921      4.339523265 
