#               T           <Sz^2>              <Q>            <Q^2>              <E>            <E^2>                C                F                S 
      2.308263948            0.125                0              0.5                0                0                0     -1.386294361      1.386294361 
      1.459874303     0.2413580083  1.372519737e-17      0.965432033     0.6125511252     0.5118712496     0.1366523686     -2.090497736      2.703048862 
     0.9233055792     0.3382118531   1.46219819e-16      1.352847412     0.9967839653      1.551142413     0.5575641395     -2.860114221      3.856898187 
     0.5839497213     0.3692358619  2.843012822e-16      1.476943448      1.990174734      5.740565842      1.779770371     -2.433437111      4.423611845 
     0.3693222317     0.3355948463  2.640101398e-16      1.342379385      1.789398162       6.26682894      3.064883158     -2.465738818       4.25513698 
     0.2335798885      0.303274133  -4.04710959e-15      1.213096532      1.957362516      7.064115292      3.232847272     -1.936208278      3.893570794 
     0.1477288927     0.2921388687 -1.192651539e-14      1.168555475      1.421645549      4.750871106      2.729795039       -2.2598777      3.681523249 
    0.09343195541     0.2907003393 -2.074047241e-14      1.162801357      1.770334567      5.683389381        2.5493049     -1.878481304      3.648815871 
    0.05909155707     0.2907836635  -2.61562978e-14      1.163134654      1.390973557      4.470002451      2.535195013     -2.253695715      3.644669272 
    0.03737278217     0.2905877421 -2.899982001e-14      1.162350968      1.769816189       5.67209058      2.539841236     -1.877103674      3.646919863 
    0.02363662283     0.2907528243 -2.987312368e-14      1.163011297      1.390914347      4.470138894      2.535496173      -2.25346187      3.644376217 
    0.01494911287     0.2905737768 -2.641703382e-14      1.162295107      1.769893467      5.672529579      2.540006695     -1.876901259      3.646794725 
   0.009454649131     0.2907479483 -2.225228607e-14      1.162991793       1.39090496      4.470160119       2.53554351     -2.253424896      3.644329857 
   0.005979645147     0.2905715499 -2.481369304e-14        1.1622862      1.769905838      5.672599798      2.540033123     -1.876868946      3.646774784 
   0.003781859653     0.2907471699 -2.808848629e-14       1.16298868      1.390903463      4.470163516      2.535551072     -2.253418993      3.644322456 
   0.002391858059      0.290571194 -3.197216278e-14      1.162284776      1.769907818      5.672611036      2.540037351     -1.876863779      3.646771597 
   0.001512743861     0.2907470455 -3.398163678e-14      1.162988182      1.390903224      4.470164063      2.535552284      -2.25341805      3.644321274 
  0.0009567432234     0.2905711371 -3.329220566e-14      1.162284548      1.769908136      5.672612837      2.540038029     -1.876862953      3.646771088 
  0.0006050975444     0.2907470256 -3.398259791e-14      1.162988103      1.390903187      4.470164152      2.535552478     -2.253417899      3.644321085 
  0.0003826972894      0.290571128 -3.416037915e-14      1.162284512      1.769908187      5.672613126      2.540038138     -1.876862821      3.646771007 
  0.0002420390178     0.2907470225  -3.54899225e-14       1.16298809      1.390903181      4.470164167      2.535552509     -2.253417875      3.644321056 
  0.0001530789158     0.2905711266 -3.522077543e-14      1.162284506      1.769908195      5.672613173      2.540038155       -1.8768628      3.646770994 
   9.68156071e-05      0.290747022  -3.40898176e-14      1.162988088       1.39090318       4.47016417      2.535552514     -2.253417871      3.644321051 
   6.12315663e-05     0.2905711263 -3.016409868e-14      1.162284505      1.769908196      5.672613181      2.540038158     -1.876862796      3.646770992 
  3.872624284e-05     0.2907470219 -2.541865728e-14      1.162988088       1.39090318       4.47016417      2.535552515     -2.253417871       3.64432105 
  2.449262652e-05     0.2905711263 -2.048172739e-14      1.162284505      1.769908196      5.672613182      2.540038159     -1.876862796      3.646770992 
  1.549049714e-05     0.2907470219 -1.921841768e-14      1.162988088       1.39090318       4.47016417      2.535552515      -2.25341787       3.64432105 
  9.797050608e-06     0.2905711263 -1.831399701e-14      1.162284505      1.769908196      5.672613182      2.540038159     -1.876862796      3.646770992 
  6.196198855e-06     0.2907470219 -1.804152946e-14      1.162988088       1.39090318       4.47016417      2.535552515      -2.25341787       3.64432105 
  3.918820243e-06     0.2905711263  -1.21372029e-14      1.162284505      1.769908196      5.672613182      2.540038159     -1.876862796      3.646770992 
  2.478479542e-06     0.2907470219 -8.251221023e-15      1.162988088       1.39090318       4.47016417      2.535552515      -2.25341787       3.64432105 
  1.567528097e-06     0.2905711263  -4.08348412e-15      1.162284505      1.769908196      5.672613182      2.540038159     -1.876862796      3.646770992 
  9.913918167e-07     0.2907470219  -4.85406135e-15      1.162988088       1.39090318       4.47016417      2.535552515      -2.25341787       3.64432105 
  6.270112389e-07     0.2905711263 -7.409168169e-15      1.162284505      1.769908196      5.672613182      2.540038159     -1.876862796      3.646770992 
  3.965567267e-07     0.2907470219 -7.400510422e-15      1.162988088       1.39090318       4.47016417      2.535552515      -2.25341787       3.64432105 
  2.508044956e-07     0.2905711263 -7.417117575e-15      1.162284505      1.769908196      5.672613182      2.540038159     -1.876862796      3.646770992 
  1.586226907e-07     0.2907470219 -6.354614981e-15      1.162988088       1.39090318       4.47016417      2.535552515      -2.25341787       3.64432105 
  1.003217982e-07     0.2905711263 -3.296969105e-15      1.162284505      1.769908196      5.672613182      2.540038159     -1.876862796      3.646770992 
  6.344907627e-08     0.2907470219 -3.952883417e-16      1.162988088       1.39090318       4.47016417      2.535552515      -2.25341787       3.64432105 
  4.012871929e-08     0.2905711263 -5.650910464e-15      1.162284505      1.769908196      5.672613182      2.540038159     -1.876862796      3.646770992 
  2.537963051e-08     0.2907470219 -9.050273758e-15      1.162988088       1.39090318       4.47016417      2.535552515      -2.25341787       3.64432105 
  1.605148772e-08     0.2905711263 -1.650497316e-14      1.162284505      1.769908196      5.672613182      2.540038159     -1.876862796      3.646770992 
   1.01518522e-08     0.2907470219 -2.005998971e-14      1.162988088       1.39090318       4.47016417      2.535552515      -2.25341787       3.64432105 
  6.420595086e-09     0.2905711263 -2.577520972e-14      1.162284505      1.769908196      5.672613182      2.540038159     -1.876862796      3.646770992 
  4.060740881e-09     0.2907470219 -3.047737865e-14      1.162988088       1.39090318       4.47016417      2.535552515      -2.25341787       3.64432105 
  2.568238035e-09     0.2905711263 -3.009077778e-14      1.162284505      1.769908196      5.672613182      2.540038159     -1.876862796      3.646770992 
  1.624296353e-09     0.2907470219 -2.531178232e-14      1.162988088       1.39090318       4.47016417      2.535552515      -2.25341787       3.64432105 
  1.027295214e-09     0.2905711263 -1.757141687e-14      1.162284505      1.769908196      5.672613182      2.540038159     -1.876862796      3.646770992 
   6.49718541e-10     0.2907470219 -1.466861064e-14      1.162988088       1.39090318       4.47016417      2.535552515      -2.25341787       3.64432105 
  4.109180855e-10     0.2905711263 -9.358663316e-15      1.162284505      1.769908196      5.672613182      2.540038159     -1.876862796      3.646770992 
  2.598874164e-10     0.2907470219 -6.066217368e-15      1.162988088       1.39090318       4.47016417      2.535552515      -2.25341787       3.64432105 
  1.643672342e-10     0.2905711263 -2.684829643e-15      1.162284505      1.769908196      5.672613182      2.540038159     -1.876862796      3.646770992 
  1.039549666e-10     0.2907470219  4.138336878e-17      1.162988088       1.39090318       4.47016417      2.535552515      -2.25341787       3.64432105 
  6.574689369e-11     0.2905711263 -1.418024929e-15      1.162284505      1.769908196      5.672613182      2.540038159     -1.876862796      3.646770992 
  4.158198663e-11     0.2907470219 -5.522641205e-15      1.162988088       1.39090318       4.47016417      2.535552515      -2.25341787       3.64432105 
  2.629875747e-11     0.2905711263 -8.821286018e-15      1.162284505      1.769908196      5.672613182      2.540038159     -1.876862796      3.646770992 
  1.663279465e-11     0.2907470219 -1.205509464e-14      1.162988088       1.39090318       4.47016417      2.535552515      -2.25341787       3.64432105 
  1.051950299e-11     0.2905711263  -1.25434814e-14      1.162284505      1.769908196      5.672613182      2.540038159     -1.876862796      3.646770992 
   6.65311786e-12     0.2907470219 -9.425431261e-15      1.162988088       1.39090318       4.47016417      2.535552515      -2.25341787       3.64432105 
  4.207801196e-12     0.2905711263 -7.626416989e-15      1.162284505      1.769908196      5.672613182      2.540038159     -1.876862796      3.646770992 
  2.661247144e-12     0.2907470219 -7.433592637e-15      1.162988088       1.39090318       4.47016417      2.535552515      -2.25341787       3.64432105 
  1.683120478e-12     0.2905711263 -3.491013835e-15      1.162284505      1.769908196      5.672613182      2.540038159     -1.876862796      3.646770992 
  1.064498858e-12     0.2907470219  1.302224676e-16      1.162988088       1.39090318       4.47016417      2.535552515      -2.25341787       3.64432105 
  6.732481913e-13     0.2905711263  2.632297082e-15      1.162284505      1.769908196      5.672613182      2.540038159     -1.876862796      3.646770992 
   4.25799543e-13     0.2907470219  3.798703314e-15      1.162988088       1.39090318       4.47016417      2.535552515      -2.25341787       3.64432105 
  2.692992765e-13     0.2905711263  4.492053879e-15      1.162284505      1.769908196      5.672613182      2.540038159     -1.876862796      3.646770992 
  1.703198172e-13     0.2907470219   6.66138608e-15      1.162988088       1.39090318       4.47016417      2.535552515      -2.25341787       3.64432105 
  1.077197106e-13     0.2905711263   1.11063557e-14      1.162284505      1.769908196      5.672613182      2.540038159     -1.876862796      3.646770992 
  6.812792689e-14     0.2907470219  1.436578712e-14      1.162988088       1.39090318       4.47016417      2.535552515      -2.25341787       3.64432105 
  4.308788425e-14     0.2905711263  1.630735618e-14      1.162284505      1.769908196      5.672613182      2.540038159     -1.876862796      3.646770992 
  2.725117075e-14     0.2907470219  1.930221633e-14      1.162988088       1.39090318       4.47016417      2.535552515      -2.25341787       3.64432105 
   1.72351537e-14     0.2905711263  2.205195065e-14      1.162284505      1.769908196      5.672613182      2.540038159     -1.876862796      3.646770992 
   1.09004683e-14     0.2907470219  2.681342172e-14      1.162988088       1.39090318       4.47016417      2.535552515      -2.25341787       3.64432105 
  6.894061479e-15     0.2905711263  3.151328929e-14      1.162284505      1.769908196      5.672613182      2.540038159     -1.876862796      3.646770992 
  4.360187321e-15     0.2907470219  3.351988733e-14      1.162988088       1.39090318       4.47016417      2.535552515      -2.25341787       3.64432105 
  2.757624592e-15     0.2905711263  3.178708945e-14      1.162284505      1.769908196      5.672613182      2.540038159     -1.876862796      3.646770992 
  1.744074928e-15     0.2907470219  2.855698684e-14      1.162988088       1.39090318       4.47016417      2.535552515      -2.25341787       3.64432105 
  1.103049837e-15     0.2905711263   3.03705846e-14      1.162284505      1.769908196      5.672613182      2.540038159     -1.876862796      3.646770992 
